2021-03-14T14:22:09, 5.4324923, 95.6439360, 902.8
2021-03-14T14:22:10, 5.4324870, 95.6439290, 902.3
2021-03-14T14:22:11, 5.4324822, 95.6439290, 902.0
2021-03-14T14:22:12, 5.4324803, 95.6439210, 902.8
2021-03-14T14:22:13, 5.4324775, 95.6439210, 902.8
2021-03-14T14:22:14, 5.4324770, 95.6439210, 903.0
2021-03-14T14:22:15, 5.4324698, 95.6439130, 903.2
2021-03-14T14:22:16, 5.4324713, 95.6439060, 903.7
2021-03-14T14:22:17, 5.4324675, 95.6438980, 903.2
2021-03-14T14:22:18, 5.4324627, 95.6438900, 903.1
2021-03-14T14:22:19, 5.4324551, 95.6438900, 903.3
2021-03-14T14:22:20, 5.4324551, 95.6438830, 903.1
2021-03-14T14:22:21, 5.4324546, 95.6438830, 903.4
2021-03-14T14:22:22, 5.4324574, 95.6438750, 903.7
2021-03-14T14:22:23, 5.4324632, 95.6438670, 903.6
2021-03-14T14:22:24, 5.4324651, 95.6438520, 903.3
2021-03-14T14:22:25, 5.4324641, 95.6438450, 902.8
2021-03-14T14:22:26, 5.4324651, 95.6438450, 902.4
2021-03-14T14:22:27, 5.4324598, 95.6438450, 902.0
2021-03-14T14:22:28, 5.4324574, 95.6438290, 902.2
2021-03-14T14:22:29, 5.4324551, 95.6438140, 901.7
2021-03-14T14:22:30, 5.4324455, 95.6438060, 901.3
2021-03-14T14:22:31, 5.4324403, 95.6438060, 901.6
2021-03-14T14:22:33, 5.4324417, 95.6437910, 901.3
2021-03-14T14:22:34, 5.4324403, 95.6437840, 900.6
2021-03-14T14:22:35, 5.4324403, 95.6437760, 900.0
2021-03-14T14:22:36, 5.4324365, 95.6437760, 898.6
2021-03-14T14:22:37, 5.4324327, 95.6437680, 898.0
2021-03-14T14:22:38, 5.4324346, 95.6437610, 897.4
2021-03-14T14:22:39, 5.4324336, 95.6437610, 896.4
2021-03-14T14:22:40, 5.4324346, 95.6437610, 895.8
2021-03-14T14:22:41, 5.4324307, 95.6437530, 895.0
2021-03-14T14:22:42, 5.4324303, 95.6437450, 894.4
2021-03-14T14:22:43, 5.4324255, 95.6437380, 893.3
2021-03-14T14:22:44, 5.4324241, 95.6437300, 892.0
2021-03-14T14:22:45, 5.4324174, 95.6437230, 890.9
2021-03-14T14:22:46, 5.4324102, 95.6437150, 890.4
2021-03-14T14:22:47, 5.4324036, 95.6437150, 889.9
2021-03-14T14:22:48, 5.4323964, 95.6437000, 889.5
2021-03-14T14:22:49, 5.4323869, 95.6437000, 888.9
2021-03-14T14:22:50, 5.4323831, 95.6436920, 888.2
2021-03-14T14:22:51, 5.4323807, 95.6436840, 887.5
2021-03-14T14:22:52, 5.4323764, 95.6436840, 886.9
2021-03-14T14:22:53, 5.4323697, 95.6436770, 886.5
2021-03-14T14:22:54, 5.4323630, 95.6436690, 886.2
2021-03-14T14:22:55, 5.4323583, 95.6436610, 886.1
2021-03-14T14:22:56, 5.4323511, 95.6436610, 885.9
2021-03-14T14:22:57, 5.4323425, 95.6436540, 885.9
2021-03-14T14:22:58, 5.4323344, 95.6436460, 885.9
2021-03-14T14:22:59, 5.4323311, 95.6436390, 885.9
2021-03-14T14:23:00, 5.4323263, 95.6436390, 885.7
2021-03-14T14:23:01, 5.4323211, 95.6436310, 885.3
2021-03-14T14:23:02, 5.4323182, 95.6436230, 884.9
2021-03-14T14:23:03, 5.4323144, 95.6436160, 884.5
2021-03-14T14:23:04, 5.4323158, 95.6436080, 884.4
2021-03-14T14:23:05, 5.4323158, 95.6436000, 884.2
2021-03-14T14:23:06, 5.4323187, 95.6435930, 884.0
2021-03-14T14:23:07, 5.4323239, 95.6435780, 884.2
2021-03-14T14:23:08, 5.4323225, 95.6435700, 884.7
2021-03-14T14:23:09, 5.4323220, 95.6435620, 884.7
2021-03-14T14:23:10, 5.4323196, 95.6435620, 884.0
2021-03-14T14:23:11, 5.4323192, 95.6435550, 883.3
2021-03-14T14:23:12, 5.4323149, 95.6435470, 883.4
2021-03-14T14:23:13, 5.4323125, 95.6435240, 882.9
2021-03-14T14:23:15, 5.4323068, 95.6435170, 883.1
2021-03-14T14:23:16, 5.4323044, 95.6435090, 883.4
2021-03-14T14:23:17, 5.4323058, 95.6435010, 883.5
2021-03-14T14:23:18, 5.4323072, 95.6434940, 883.5
2021-03-14T14:23:19, 5.4323087, 95.6434860, 883.5
2021-03-14T14:23:20, 5.4323111, 95.6434780, 884.0
2021-03-14T14:23:21, 5.4323134, 95.6434710, 884.1
2021-03-14T14:23:22, 5.4323158, 95.6434630, 884.3
2021-03-14T14:23:23, 5.4323177, 95.6434560, 884.7
2021-03-14T14:23:24, 5.4323215, 95.6434480, 884.0
2021-03-14T14:23:25, 5.4323235, 95.6434480, 883.9
2021-03-14T14:23:26, 5.4323249, 95.6434400, 884.4
2021-03-14T14:23:27, 5.4323263, 95.6434330, 884.6
2021-03-14T14:23:28, 5.4323244, 95.6434250, 884.7
2021-03-14T14:23:29, 5.4323225, 95.6434100, 884.6
2021-03-14T14:23:30, 5.4323215, 95.6434020, 884.0
2021-03-14T14:23:31, 5.4323211, 95.6433870, 883.4
2021-03-14T14:23:32, 5.4323211, 95.6433720, 882.7
2021-03-14T14:23:33, 5.4323173, 95.6433640, 882.4
2021-03-14T14:23:34, 5.4323168, 95.6433560, 881.8
2021-03-14T14:23:35, 5.4323168, 95.6433490, 881.5
2021-03-14T14:23:36, 5.4323187, 95.6433330, 881.6
2021-03-14T14:23:37, 5.4323201, 95.6433260, 881.4
2021-03-14T14:23:38, 5.4323168, 95.6433180, 882.1
2021-03-14T14:23:39, 5.4323187, 95.6433110, 881.4
2021-03-14T14:23:40, 5.4323211, 95.6433030, 881.2
2021-03-14T14:23:41, 5.4323215, 95.6432950, 881.2
2021-03-14T14:23:42, 5.4323211, 95.6432880, 880.8
2021-03-14T14:23:43, 5.4323225, 95.6432800, 880.4
2021-03-14T14:23:44, 5.4323187, 95.6432650, 880.2
2021-03-14T14:23:45, 5.4323187, 95.6432570, 880.4
2021-03-14T14:23:46, 5.4323120, 95.6432500, 880.4
2021-03-14T14:23:47, 5.4323082, 95.6432500, 880.5
2021-03-14T14:23:48, 5.4323039, 95.6432420, 880.0
2021-03-14T14:23:49, 5.4323049, 95.6432340, 879.5
2021-03-14T14:23:50, 5.4323034, 95.6432270, 879.4
2021-03-14T14:23:51, 5.4323010, 95.6432110, 879.4
2021-03-14T14:23:52, 5.4323001, 95.6432040, 879.2
2021-03-14T14:23:53, 5.4322987, 95.6431960, 879.2
2021-03-14T14:23:55, 5.4322963, 95.6431810, 878.8
2021-03-14T14:23:56, 5.4322939, 95.6431730, 878.5
2021-03-14T14:23:57, 5.4322901, 95.6431730, 878.8
2021-03-14T14:23:58, 5.4322839, 95.6431660, 878.9
2021-03-14T14:23:59, 5.4322801, 95.6431660, 879.1
2021-03-14T14:24:00, 5.4322786, 95.6431580, 879.1
2021-03-14T14:24:01, 5.4322762, 95.6431500, 878.9
2021-03-14T14:24:02, 5.4322743, 95.6431350, 878.9
2021-03-14T14:24:03, 5.4322743, 95.6431270, 878.7
2021-03-14T14:24:04, 5.4322715, 95.6431270, 878.6
2021-03-14T14:24:05, 5.4322667, 95.6431120, 878.6
2021-03-14T14:24:06, 5.4322653, 95.6430970, 878.4
2021-03-14T14:24:07, 5.4322629, 95.6430890, 878.0
2021-03-14T14:24:08, 5.4322605, 95.6430740, 877.6
2021-03-14T14:24:09, 5.4322562, 95.6430660, 876.9
2021-03-14T14:24:10, 5.4322553, 95.6430510, 876.6
2021-03-14T14:24:11, 5.4322510, 95.6430440, 876.1
2021-03-14T14:24:12, 5.4322491, 95.6430360, 875.9
2021-03-14T14:24:13, 5.4322443, 95.6430280, 875.7
2021-03-14T14:24:14, 5.4322381, 95.6430210, 875.5
2021-03-14T14:24:15, 5.4322352, 95.6430130, 875.0
2021-03-14T14:24:16, 5.4322314, 95.6430050, 874.6
2021-03-14T14:24:17, 5.4322248, 95.6430050, 874.4
2021-03-14T14:24:18, 5.4322219, 95.6429980, 874.1
2021-03-14T14:24:19, 5.4322200, 95.6429980, 873.9
2021-03-14T14:24:20, 5.4322200, 95.6429820, 873.8
2021-03-14T14:24:21, 5.4322162, 95.6429820, 873.8
2021-03-14T14:24:22, 5.4322124, 95.6429750, 873.0
2021-03-14T14:24:23, 5.4322057, 95.6429670, 872.7
2021-03-14T14:24:24, 5.4322033, 95.6429600, 872.0
2021-03-14T14:24:25, 5.4321995, 95.6429440, 871.5
2021-03-14T14:24:26, 5.4321947, 95.6429290, 871.0
2021-03-14T14:24:27, 5.4321904, 95.6429210, 870.8
2021-03-14T14:24:28, 5.4321885, 95.6429140, 870.4
2021-03-14T14:24:29, 5.4321847, 95.6428910, 870.2
2021-03-14T14:24:30, 5.4321818, 95.6428910, 869.1
2021-03-14T14:24:31, 5.4321775, 95.6428910, 869.0
2021-03-14T14:24:32, 5.4321752, 95.6428760, 868.5
2021-03-14T14:24:34, 5.4321747, 95.6428450, 867.6
2021-03-14T14:24:35, 5.4321756, 95.6428380, 866.9
2021-03-14T14:24:36, 5.4321790, 95.6428380, 866.3
2021-03-14T14:24:37, 5.4321795, 95.6428150, 865.9
2021-03-14T14:24:38, 5.4321785, 95.6428150, 866.0
2021-03-14T14:24:39, 5.4321828, 95.6428070, 864.7
2021-03-14T14:24:40, 5.4321842, 95.6428070, 864.8
2021-03-14T14:24:41, 5.4321847, 95.6427990, 864.2
2021-03-14T14:24:42, 5.4321856, 95.6427990, 863.4
2021-03-14T14:24:43, 5.4321837, 95.6427920, 862.4
2021-03-14T14:24:44, 5.4321852, 95.6427920, 861.2
2021-03-14T14:24:45, 5.4321880, 95.6427840, 860.3
2021-03-14T14:24:46, 5.4321899, 95.6427840, 859.6
2021-03-14T14:24:47, 5.4321947, 95.6427760, 859.0
2021-03-14T14:24:48, 5.4321976, 95.6427690, 858.1
2021-03-14T14:24:49, 5.4322028, 95.6427610, 857.7
2021-03-14T14:24:50, 5.4322071, 95.6427540, 857.9
2021-03-14T14:24:51, 5.4322143, 95.6427310, 858.4
2021-03-14T14:24:52, 5.4322143, 95.6427150, 858.7
2021-03-14T14:24:53, 5.4322119, 95.6427080, 859.3
2021-03-14T14:24:54, 5.4322071, 95.6426930, 858.9
2021-03-14T14:24:55, 5.4322062, 95.6426850, 859.0
2021-03-14T14:24:56, 5.4322028, 95.6426770, 859.2
2021-03-14T14:24:57, 5.4321995, 95.6426700, 859.1
2021-03-14T14:24:58, 5.4321976, 95.6426620, 858.9
2021-03-14T14:24:59, 5.4321966, 95.6426540, 858.6
2021-03-14T14:25:00, 5.4321909, 95.6426470, 858.4
2021-03-14T14:25:01, 5.4321985, 95.6426390, 858.0
2021-03-14T14:25:02, 5.4321933, 95.6426320, 858.7
2021-03-14T14:25:03, 5.4321918, 95.6426160, 858.9
2021-03-14T14:25:04, 5.4321904, 95.6426090, 858.7
2021-03-14T14:25:05, 5.4321876, 95.6426010, 858.9
2021-03-14T14:25:06, 5.4321785, 95.6425930, 859.2
2021-03-14T14:25:07, 5.4321733, 95.6425860, 859.1
2021-03-14T14:25:08, 5.4321704, 95.6425700, 859.2
2021-03-14T14:25:09, 5.4321637, 95.6425700, 859.1
2021-03-14T14:25:10, 5.4321589, 95.6425550, 859.0
2021-03-14T14:25:11, 5.4321504, 95.6425400, 859.1
2021-03-14T14:25:13, 5.4321361, 95.6425250, 858.6
2021-03-14T14:25:14, 5.4321346, 95.6425090, 858.4
2021-03-14T14:25:15, 5.4321265, 95.6425020, 858.2
2021-03-14T14:25:16, 5.4321241, 95.6424940, 858.2
2021-03-14T14:25:17, 5.4321222, 95.6424790, 858.4
2021-03-14T14:25:18, 5.4321160, 95.6424640, 858.2
2021-03-14T14:25:19, 5.4321136, 95.6424560, 858.7
2021-03-14T14:25:20, 5.4321122, 95.6424560, 858.5
2021-03-14T14:25:21, 5.4321089, 95.6424480, 858.6
2021-03-14T14:25:22, 5.4321027, 95.6424330, 858.1
2021-03-14T14:25:23, 5.4320951, 95.6424260, 858.6
2021-03-14T14:25:24, 5.4320903, 95.6424100, 858.5
2021-03-14T14:25:25, 5.4320879, 95.6424100, 857.9
2021-03-14T14:25:26, 5.4320846, 95.6424100, 857.5
2021-03-14T14:25:27, 5.4320822, 95.6423950, 857.2
2021-03-14T14:25:28, 5.4320798, 95.6423950, 856.9
2021-03-14T14:25:29, 5.4320784, 95.6423800, 856.8
2021-03-14T14:25:30, 5.4320745, 95.6423800, 856.8
2021-03-14T14:25:31, 5.4320674, 95.6423800, 856.5
2021-03-14T14:25:32, 5.4320593, 95.6423720, 856.6
2021-03-14T14:25:33, 5.4320488, 95.6423720, 856.2
2021-03-14T14:25:34, 5.4320445, 95.6423650, 856.4
2021-03-14T14:25:35, 5.4320383, 95.6423490, 856.2
2021-03-14T14:25:36, 5.4320331, 95.6423420, 856.0
2021-03-14T14:25:37, 5.4320283, 95.6423340, 855.7
2021-03-14T14:25:38, 5.4320254, 95.6423340, 855.7
2021-03-14T14:25:39, 5.4320250, 95.6423260, 855.9
2021-03-14T14:25:40, 5.4320230, 95.6423110, 855.7
2021-03-14T14:25:41, 5.4320221, 95.6423030, 855.2
2021-03-14T14:25:42, 5.4320230, 95.6422960, 855.1
2021-03-14T14:25:43, 5.4320235, 95.6422810, 854.2
2021-03-14T14:25:44, 5.4320259, 95.6422730, 853.5
2021-03-14T14:25:45, 5.4320235, 95.6422650, 853.1
2021-03-14T14:25:46, 5.4320192, 95.6422580, 852.7
2021-03-14T14:25:47, 5.4320107, 95.6422580, 852.3
2021-03-14T14:25:48, 5.4320064, 95.6422500, 851.9
2021-03-14T14:25:49, 5.4320011, 95.6422350, 851.9
2021-03-14T14:25:50, 5.4319992, 95.6422270, 851.3
2021-03-14T14:25:52, 5.4319944, 95.6422120, 850.4
2021-03-14T14:25:53, 5.4319911, 95.6422120, 850.3
2021-03-14T14:25:54, 5.4319911, 95.6422040, 850.2
2021-03-14T14:25:55, 5.4319897, 95.6422040, 849.9
2021-03-14T14:25:56, 5.4319901, 95.6422040, 849.7
2021-03-14T14:25:57, 5.4319887, 95.6421970, 849.5
2021-03-14T14:25:58, 5.4319882, 95.6421970, 849.5
2021-03-14T14:25:59, 5.4319873, 95.6421890, 849.3
2021-03-14T14:26:00, 5.4319859, 95.6421890, 849.2
2021-03-14T14:26:01, 5.4319835, 95.6421890, 849.1
2021-03-14T14:26:02, 5.4319811, 95.6421970, 848.9
2021-03-14T14:26:03, 5.4319811, 95.6421970, 848.9
2021-03-14T14:26:04, 5.4319806, 95.6421890, 849.2
2021-03-14T14:26:05, 5.4319773, 95.6421810, 849.5
2021-03-14T14:26:06, 5.4319735, 95.6421740, 849.3
2021-03-14T14:26:07, 5.4319706, 95.6421740, 849.2
2021-03-14T14:26:08, 5.4319654, 95.6421740, 849.5
2021-03-14T14:26:09, 5.4319534, 95.6421740, 849.0
2021-03-14T14:26:10, 5.4319439, 95.6421740, 848.4
2021-03-14T14:26:11, 5.4319367, 95.6421590, 849.0
2021-03-14T14:26:12, 5.4319320, 95.6421510, 848.9
2021-03-14T14:26:13, 5.4319248, 95.6421430, 847.9
2021-03-14T14:26:14, 5.4319186, 95.6421360, 847.5
2021-03-14T14:26:15, 5.4319134, 95.6421360, 847.1
2021-03-14T14:26:16, 5.4319096, 95.6421280, 846.4
2021-03-14T14:26:17, 5.4319034, 95.6421200, 847.0
2021-03-14T14:26:18, 5.4319000, 95.6421130, 846.4
2021-03-14T14:26:19, 5.4318914, 95.6421050, 845.7
2021-03-14T14:26:20, 5.4318843, 95.6420970, 844.4
2021-03-14T14:26:21, 5.4318786, 95.6420970, 844.1
2021-03-14T14:26:22, 5.4318738, 95.6420900, 844.1
2021-03-14T14:26:23, 5.4318690, 95.6420820, 843.4
2021-03-14T14:26:24, 5.4318624, 95.6420750, 843.4
2021-03-14T14:26:25, 5.4318585, 95.6420670, 843.0
2021-03-14T14:26:26, 5.4318542, 95.6420670, 842.5
2021-03-14T14:26:27, 5.4318476, 95.6420590, 842.5
2021-03-14T14:26:28, 5.4318438, 95.6420590, 842.4
2021-03-14T14:26:29, 5.4318409, 95.6420590, 841.9
2021-03-14T14:26:30, 5.4318361, 95.6420520, 842.0
2021-03-14T14:26:32, 5.4318252, 95.6420290, 841.8
2021-03-14T14:26:33, 5.4318213, 95.6420140, 841.8
2021-03-14T14:26:34, 5.4318109, 95.6420060, 841.9
2021-03-14T14:26:35, 5.4318070, 95.6419980, 841.5
2021-03-14T14:26:36, 5.4318047, 95.6419830, 841.4
2021-03-14T14:26:37, 5.4317975, 95.6419750, 841.6
2021-03-14T14:26:38, 5.4317899, 95.6419680, 841.7
2021-03-14T14:26:39, 5.4317822, 95.6419530, 841.9
2021-03-14T14:26:40, 5.4317784, 95.6419450, 842.4
2021-03-14T14:26:41, 5.4317713, 95.6419370, 842.8
2021-03-14T14:26:42, 5.4317641, 95.6419300, 842.6
2021-03-14T14:26:43, 5.4317598, 95.6419220, 842.7
2021-03-14T14:26:44, 5.4317579, 95.6419070, 843.1
2021-03-14T14:26:45, 5.4317555, 95.6418990, 843.2
2021-03-14T14:26:46, 5.4317546, 95.6418990, 842.3
2021-03-14T14:26:47, 5.4317546, 95.6418840, 842.1
2021-03-14T14:26:48, 5.4317551, 95.6418840, 842.8
2021-03-14T14:26:49, 5.4317546, 95.6418760, 842.3
2021-03-14T14:26:50, 5.4317508, 95.6418690, 841.8
2021-03-14T14:26:51, 5.4317522, 95.6418530, 842.1
2021-03-14T14:26:52, 5.4317522, 95.6418530, 842.7
2021-03-14T14:26:53, 5.4317536, 95.6418380, 842.5
2021-03-14T14:26:54, 5.4317560, 95.6418300, 842.4
2021-03-14T14:26:55, 5.4317579, 95.6418230, 841.4
2021-03-14T14:26:56, 5.4317575, 95.6418150, 841.3
2021-03-14T14:26:57, 5.4317575, 95.6418150, 840.8
2021-03-14T14:26:58, 5.4317575, 95.6418000, 839.2
2021-03-14T14:26:59, 5.4317584, 95.6417920, 838.4
2021-03-14T14:27:00, 5.4317570, 95.6417850, 837.6
2021-03-14T14:27:01, 5.4317575, 95.6417770, 836.9
2021-03-14T14:27:02, 5.4317551, 95.6417770, 836.6
2021-03-14T14:27:03, 5.4317546, 95.6417690, 836.3
2021-03-14T14:27:04, 5.4317546, 95.6417620, 836.5
2021-03-14T14:27:05, 5.4317527, 95.6417540, 836.4
2021-03-14T14:27:06, 5.4317527, 95.6417390, 836.1
2021-03-14T14:27:07, 5.4317532, 95.6417390, 835.8
2021-03-14T14:27:08, 5.4317589, 95.6417310, 835.4
2021-03-14T14:27:09, 5.4317627, 95.6417310, 836.4
2021-03-14T14:27:10, 5.4317665, 95.6417310, 836.8
2021-03-14T14:27:12, 5.4317698, 95.6417240, 837.0
2021-03-14T14:27:13, 5.4317713, 95.6417160, 836.6
2021-03-14T14:27:14, 5.4317746, 95.6417010, 836.1
2021-03-14T14:27:15, 5.4317803, 95.6417010, 836.2
2021-03-14T14:27:16, 5.4317827, 95.6416930, 834.8
2021-03-14T14:27:17, 5.4317875, 95.6416850, 835.0
2021-03-14T14:27:18, 5.4317899, 95.6416780, 835.3
2021-03-14T14:27:19, 5.4317937, 95.6416700, 834.5
2021-03-14T14:27:20, 5.4317956, 95.6416700, 833.9
2021-03-14T14:27:21, 5.4318023, 95.6416630, 833.3
2021-03-14T14:27:22, 5.4318089, 95.6416550, 833.0
2021-03-14T14:27:23, 5.4318137, 95.6416550, 832.6
2021-03-14T14:27:24, 5.4318209, 95.6416550, 832.2
2021-03-14T14:27:25, 5.4318304, 95.6416470, 831.5
2021-03-14T14:27:26, 5.4318419, 95.6416470, 829.1
2021-03-14T14:27:27, 5.4318519, 95.6416400, 828.2
2021-03-14T14:27:28, 5.4318566, 95.6416240, 827.2
2021-03-14T14:27:29, 5.4318638, 95.6416170, 826.5
2021-03-14T14:27:30, 5.4318714, 95.6416170, 825.5
2021-03-14T14:27:31, 5.4318810, 95.6416020, 824.2
2021-03-14T14:27:32, 5.4318881, 95.6415940, 824.7
2021-03-14T14:27:33, 5.4318962, 95.6415790, 823.1
2021-03-14T14:27:34, 5.4319010, 95.6415710, 823.7
2021-03-14T14:27:35, 5.4319067, 95.6415630, 823.8
2021-03-14T14:27:36, 5.4319100, 95.6415480, 824.7
2021-03-14T14:27:37, 5.4319091, 95.6415410, 825.5
2021-03-14T14:27:38, 5.4319100, 95.6415410, 825.2
2021-03-14T14:27:39, 5.4319115, 95.6415250, 825.9
2021-03-14T14:27:40, 5.4319096, 95.6415100, 827.4
2021-03-14T14:27:41, 5.4319043, 95.6415020, 828.8
2021-03-14T14:27:42, 5.4319029, 95.6414950, 828.8
2021-03-14T14:27:43, 5.4319005, 95.6414790, 828.5
2021-03-14T14:27:44, 5.4319000, 95.6414640, 829.5
2021-03-14T14:27:45, 5.4318991, 95.6414570, 830.4
2021-03-14T14:27:46, 5.4318991, 95.6414490, 830.7
2021-03-14T14:27:47, 5.4318986, 95.6414340, 832.0
2021-03-14T14:27:48, 5.4318976, 95.6414180, 832.7
2021-03-14T14:27:49, 5.4318914, 95.6414180, 832.8
2021-03-14T14:27:50, 5.4318852, 95.6414110, 833.8
2021-03-14T14:27:52, 5.4318743, 95.6413880, 834.1
2021-03-14T14:27:53, 5.4318705, 95.6413800, 832.7
2021-03-14T14:27:54, 5.4318705, 95.6413800, 831.9
2021-03-14T14:27:55, 5.4318666, 95.6413650, 831.8
2021-03-14T14:27:56, 5.4318666, 95.6413570, 832.9
2021-03-14T14:27:57, 5.4318652, 95.6413420, 831.9
2021-03-14T14:27:58, 5.4318624, 95.6413350, 831.2
2021-03-14T14:27:59, 5.4318590, 95.6413270, 831.2
2021-03-14T14:28:00, 5.4318595, 95.6413120, 831.2
2021-03-14T14:28:01, 5.4318614, 95.6413040, 830.8
2021-03-14T14:28:02, 5.4318628, 95.6412890, 830.4
2021-03-14T14:28:03, 5.4318628, 95.6412810, 832.5
2021-03-14T14:28:04, 5.4318609, 95.6412730, 832.0
2021-03-14T14:28:05, 5.4318619, 95.6412580, 831.7
2021-03-14T14:28:06, 5.4318647, 95.6412430, 831.5
2021-03-14T14:28:07, 5.4318624, 95.6412280, 831.5
2021-03-14T14:28:08, 5.4318542, 95.6412200, 831.3
2021-03-14T14:28:09, 5.4318471, 95.6412050, 831.1
2021-03-14T14:28:10, 5.4318423, 95.6411900, 830.9
2021-03-14T14:28:11, 5.4318399, 95.6411820, 830.7
2021-03-14T14:28:12, 5.4318347, 95.6411670, 830.4
2021-03-14T14:28:13, 5.4318328, 95.6411510, 829.6
2021-03-14T14:28:14, 5.4318352, 95.6411440, 829.6
2021-03-14T14:28:15, 5.4318361, 95.6411290, 828.3
2021-03-14T14:28:16, 5.4318337, 95.6411210, 827.4
2021-03-14T14:28:17, 5.4318318, 95.6411060, 826.3
2021-03-14T14:28:18, 5.4318314, 95.6411060, 825.5
2021-03-14T14:28:19, 5.4318271, 95.6410900, 825.2
2021-03-14T14:28:20, 5.4318223, 95.6410750, 824.7
2021-03-14T14:28:21, 5.4318156, 95.6410600, 824.3
2021-03-14T14:28:22, 5.4318094, 95.6410520, 823.7
2021-03-14T14:28:23, 5.4318023, 95.6410450, 823.7
2021-03-14T14:28:24, 5.4317923, 95.6410450, 822.9
2021-03-14T14:28:25, 5.4317846, 95.6410450, 822.6
2021-03-14T14:28:26, 5.4317760, 95.6410290, 822.4
2021-03-14T14:28:27, 5.4317698, 95.6410290, 821.7
2021-03-14T14:28:28, 5.4317636, 95.6410290, 821.9
2021-03-14T14:28:29, 5.4317598, 95.6410220, 822.0
2021-03-14T14:28:31, 5.4317541, 95.6410290, 822.4
2021-03-14T14:28:32, 5.4317508, 95.6410220, 822.5
2021-03-14T14:28:33, 5.4317546, 95.6410290, 821.7
2021-03-14T14:28:34, 5.4317551, 95.6410290, 821.6
2021-03-14T14:28:35, 5.4317532, 95.6410290, 821.4
2021-03-14T14:28:36, 5.4317513, 95.6410290, 821.5
2021-03-14T14:28:37, 5.4317513, 95.6410370, 821.1
2021-03-14T14:28:38, 5.4317522, 95.6410450, 820.8
2021-03-14T14:28:39, 5.4317517, 95.6410450, 820.0
2021-03-14T14:28:40, 5.4317517, 95.6410520, 819.6
2021-03-14T14:28:41, 5.4317522, 95.6410520, 819.2
2021-03-14T14:28:42, 5.4317513, 95.6410600, 818.8
2021-03-14T14:28:43, 5.4317508, 95.6410600, 818.4
2021-03-14T14:28:44, 5.4317503, 95.6410600, 818.2
2021-03-14T14:28:45, 5.4317503, 95.6410600, 818.2
2021-03-14T14:28:46, 5.4317513, 95.6410680, 818.1
2021-03-14T14:28:47, 5.4317503, 95.6410600, 817.8
2021-03-14T14:28:48, 5.4317465, 95.6410600, 817.8
2021-03-14T14:28:49, 5.4317422, 95.6410680, 817.6
2021-03-14T14:28:50, 5.4317336, 95.6410680, 817.5
2021-03-14T14:28:51, 5.4317255, 95.6410680, 817.0
2021-03-14T14:28:52, 5.4317198, 95.6410600, 816.2
2021-03-14T14:28:53, 5.4317126, 95.6410600, 816.4
2021-03-14T14:28:54, 5.4317017, 95.6410520, 815.8
2021-03-14T14:28:55, 5.4316931, 95.6410370, 815.7
2021-03-14T14:28:56, 5.4316845, 95.6410290, 815.6
2021-03-14T14:28:57, 5.4316716, 95.6410220, 815.4
2021-03-14T14:28:58, 5.4316592, 95.6410220, 815.4
2021-03-14T14:28:59, 5.4316530, 95.6410140, 815.6
2021-03-14T14:29:00, 5.4316487, 95.6410060, 814.9
2021-03-14T14:29:01, 5.4316430, 95.6409990, 815.0
2021-03-14T14:29:02, 5.4316335, 95.6409990, 815.2
2021-03-14T14:29:03, 5.4316244, 95.6409910, 814.5
2021-03-14T14:29:04, 5.4316149, 95.6409840, 814.0
2021-03-14T14:29:05, 5.4316025, 95.6409840, 813.4
2021-03-14T14:29:06, 5.4315939, 95.6409760, 813.5
2021-03-14T14:29:07, 5.4315844, 95.6409680, 813.2
2021-03-14T14:29:08, 5.4315729, 95.6409610, 813.3
2021-03-14T14:29:10, 5.4315529, 95.6409450, 813.0
2021-03-14T14:29:11, 5.4315434, 95.6409450, 812.6
2021-03-14T14:29:12, 5.4315333, 95.6409300, 813.0
2021-03-14T14:29:13, 5.4315305, 95.6409230, 813.5
2021-03-14T14:29:14, 5.4315267, 95.6409230, 813.2
2021-03-14T14:29:15, 5.4315209, 95.6409150, 813.2
2021-03-14T14:29:16, 5.4315119, 95.6409070, 814.0
2021-03-14T14:29:17, 5.4315052, 95.6409070, 814.2
2021-03-14T14:29:18, 5.4314976, 95.6409000, 813.8
2021-03-14T14:29:19, 5.4314895, 95.6408920, 813.9
2021-03-14T14:29:20, 5.4314847, 95.6408840, 814.0
2021-03-14T14:29:21, 5.4314785, 95.6408770, 813.7
2021-03-14T14:29:22, 5.4314728, 95.6408690, 813.5
2021-03-14T14:29:23, 5.4314694, 95.6408690, 813.5
2021-03-14T14:29:24, 5.4314637, 95.6408690, 813.2
2021-03-14T14:29:25, 5.4314580, 95.6408690, 813.3
2021-03-14T14:29:26, 5.4314551, 95.6408620, 813.7
2021-03-14T14:29:27, 5.4314489, 95.6408620, 813.5
2021-03-14T14:29:28, 5.4314442, 95.6408540, 813.8
2021-03-14T14:29:29, 5.4314365, 95.6408460, 813.7
2021-03-14T14:29:30, 5.4314313, 95.6408390, 813.7
2021-03-14T14:29:31, 5.4314237, 95.6408310, 813.6
2021-03-14T14:29:32, 5.4314165, 95.6408230, 813.2
2021-03-14T14:29:33, 5.4314089, 95.6408230, 812.6
2021-03-14T14:29:34, 5.4314017, 95.6408230, 812.3
2021-03-14T14:29:35, 5.4313936, 95.6408160, 812.1
2021-03-14T14:29:36, 5.4313879, 95.6408160, 812.1
2021-03-14T14:29:37, 5.4313769, 95.6408080, 810.9
2021-03-14T14:29:38, 5.4313679, 95.6408000, 811.0
2021-03-14T14:29:39, 5.4313593, 95.6408000, 810.2
2021-03-14T14:29:40, 5.4313474, 95.6407850, 810.3
2021-03-14T14:29:41, 5.4313397, 95.6407850, 810.6
2021-03-14T14:29:42, 5.4313331, 95.6407850, 810.5
2021-03-14T14:29:43, 5.4313288, 95.6407780, 810.7
2021-03-14T14:29:44, 5.4313231, 95.6407700, 810.6
2021-03-14T14:29:45, 5.4313154, 95.6407620, 810.8
2021-03-14T14:29:46, 5.4313107, 95.6407470, 810.8
2021-03-14T14:29:47, 5.4313049, 95.6407470, 810.2
2021-03-14T14:29:48, 5.4313025, 95.6407470, 810.0
2021-03-14T14:29:50, 5.4312906, 95.6407320, 809.3
2021-03-14T14:29:51, 5.4312849, 95.6407240, 809.4
2021-03-14T14:29:52, 5.4312801, 95.6407240, 809.3
2021-03-14T14:29:53, 5.4312754, 95.6407170, 809.2
2021-03-14T14:29:54, 5.4312668, 95.6407090, 809.2
2021-03-14T14:29:55, 5.4312611, 95.6407010, 808.9
2021-03-14T14:29:56, 5.4312553, 95.6406940, 808.6
2021-03-14T14:29:57, 5.4312453, 95.6406860, 808.5
2021-03-14T14:29:58, 5.4312367, 95.6406780, 808.6
2021-03-14T14:29:59, 5.4312325, 95.6406780, 809.0
2021-03-14T14:30:00, 5.4312286, 95.6406780, 809.19
2021-03-14T14:30:01, 5.4312243, 95.6406710, 809.29
2021-03-14T14:30:02, 5.4312177, 95.6406710, 809.59
2021-03-14T14:30:03, 5.4312129, 95.6406710, 809.89
2021-03-14T14:30:04, 5.4312010, 95.6406630, 809.99
2021-03-14T14:30:05, 5.4311905, 95.6406710, 809.89
2021-03-14T14:30:06, 5.4311819, 95.6406710, 809.59
2021-03-14T14:30:07, 5.4311748, 95.6406710, 809.89
2021-03-14T14:30:08, 5.4311690, 95.6406710, 809.99
2021-03-14T14:30:09, 5.4311666, 95.6406710, 810.29
2021-03-14T14:30:10, 5.4311643, 95.6406780, 810.69
2021-03-14T14:30:11, 5.4311590, 95.6406780, 810.99
2021-03-14T14:30:12, 5.4311523, 95.6406710, 811.49
2021-03-14T14:30:13, 5.4311442, 95.6406710, 812.09
2021-03-14T14:30:14, 5.4311399, 95.6406710, 811.79
2021-03-14T14:30:15, 5.4311337, 95.6406630, 811.49
2021-03-14T14:30:16, 5.4311275, 95.6406630, 811.19
2021-03-14T14:30:17, 5.4311218, 95.6406480, 810.99
2021-03-14T14:30:18, 5.4311171, 95.6406480, 810.89
2021-03-14T14:30:19, 5.4311094, 95.6406400, 811.19
2021-03-14T14:30:20, 5.4311028, 95.6406400, 810.99
2021-03-14T14:30:21, 5.4310970, 95.6406330, 812.29
2021-03-14T14:30:22, 5.4310923, 95.6406250, 812.59
2021-03-14T14:30:23, 5.4310899, 95.6406250, 812.89
2021-03-14T14:30:24, 5.4310851, 95.6406250, 813.59
2021-03-14T14:30:25, 5.4310784, 95.6406250, 813.39
2021-03-14T14:30:26, 5.4310751, 95.6406170, 813.79
2021-03-14T14:30:27, 5.4310732, 95.6406100, 813.79
2021-03-14T14:30:29, 5.4310660, 95.6406020, 813.10
2021-03-14T14:30:30, 5.4310627, 95.6405940, 812.50
2021-03-14T14:30:31, 5.4310575, 95.6405870, 812.10
2021-03-14T14:30:32, 5.4310551, 95.6405870, 812.60
2021-03-14T14:30:33, 5.4310551, 95.6405870, 812.80
2021-03-14T14:30:34, 5.4310513, 95.6405790, 812.10
2021-03-14T14:30:35, 5.4310441, 95.6405720, 812.70
2021-03-14T14:30:36, 5.4310389, 95.6405720, 812.80
2021-03-14T14:30:37, 5.4310336, 95.6405560, 812.60
2021-03-14T14:30:38, 5.4310288, 95.6405560, 813.60
2021-03-14T14:30:39, 5.4310265, 95.6405490, 813.50
2021-03-14T14:30:40, 5.4310236, 95.6405410, 813.30
2021-03-14T14:30:41, 5.4310217, 95.6405330, 812.70
2021-03-14T14:30:42, 5.4310174, 95.6405180, 813.20
2021-03-14T14:30:43, 5.4310107, 95.6405110, 814.00
2021-03-14T14:30:44, 5.4310060, 95.6405030, 814.10
2021-03-14T14:30:45, 5.4310050, 95.6405030, 814.29
2021-03-14T14:30:46, 5.4310031, 95.6404950, 813.99
2021-03-14T14:30:47, 5.4310026, 95.6404880, 813.99
2021-03-14T14:30:48, 5.4310026, 95.6404720, 813.79
2021-03-14T14:30:49, 5.4310031, 95.6404720, 813.09
2021-03-14T14:30:50, 5.4310107, 95.6404650, 813.49
2021-03-14T14:30:51, 5.4310126, 95.6404570, 812.19
2021-03-14T14:30:52, 5.4310107, 95.6404570, 811.69
2021-03-14T14:30:53, 5.4310079, 95.6404420, 811.39
2021-03-14T14:30:54, 5.4310064, 95.6404340, 810.59
2021-03-14T14:30:55, 5.4310098, 95.6404270, 809.79
2021-03-14T14:30:56, 5.4310079, 95.6404190, 807.59
2021-03-14T14:30:57, 5.4310055, 95.6404110, 806.89
2021-03-14T14:30:58, 5.4310045, 95.6404040, 805.59
2021-03-14T14:30:59, 5.4310045, 95.6403880, 804.99
2021-03-14T14:31:00, 5.4310031, 95.6403880, 803.2
2021-03-14T14:31:01, 5.4310026, 95.6403730, 802.4
2021-03-14T14:31:02, 5.4310002, 95.6403660, 802.4
2021-03-14T14:31:03, 5.4309945, 95.6403580, 802.4
2021-03-14T14:31:04, 5.4309912, 95.6403500, 801.5
2021-03-14T14:31:05, 5.4309826, 95.6403500, 800.7
2021-03-14T14:31:06, 5.4309788, 95.6403500, 799.9
2021-03-14T14:31:07, 5.4309759, 95.6403500, 800.2
2021-03-14T14:31:09, 5.4309607, 95.6403350, 800.5
2021-03-14T14:31:10, 5.4309554, 95.6403350, 800.6
2021-03-14T14:31:11, 5.4309502, 95.6403270, 799.7
2021-03-14T14:31:12, 5.4309397, 95.6403270, 799.3
2021-03-14T14:31:13, 5.4309297, 95.6403270, 799.5
2021-03-14T14:31:14, 5.4309244, 95.6403350, 799.4
2021-03-14T14:31:15, 5.4309158, 95.6403350, 799.2
2021-03-14T14:31:16, 5.4309087, 95.6403350, 799.0
2021-03-14T14:31:17, 5.4309011, 95.6403350, 798.3
2021-03-14T14:31:18, 5.4308910, 95.6403350, 797.8
2021-03-14T14:31:19, 5.4308805, 95.6403350, 797.2
2021-03-14T14:31:20, 5.4308767, 95.6403350, 797.1
2021-03-14T14:31:21, 5.4308729, 95.6403350, 796.5
2021-03-14T14:31:22, 5.4308686, 95.6403350, 796.4
2021-03-14T14:31:23, 5.4308629, 95.6403270, 796.6
2021-03-14T14:31:24, 5.4308577, 95.6403270, 796.2
2021-03-14T14:31:25, 5.4308515, 95.6403270, 796.2
2021-03-14T14:31:26, 5.4308467, 95.6403270, 795.8
2021-03-14T14:31:27, 5.4308410, 95.6403200, 796.1
2021-03-14T14:31:28, 5.4308352, 95.6403200, 795.9
2021-03-14T14:31:29, 5.4308290, 95.6403200, 795.2
2021-03-14T14:31:30, 5.4308267, 95.6403120, 795.6
2021-03-14T14:31:31, 5.4308267, 95.6403120, 795.6
2021-03-14T14:31:32, 5.4308243, 95.6403120, 795.7
2021-03-14T14:31:33, 5.4308200, 95.6403120, 795.7
2021-03-14T14:31:34, 5.4308181, 95.6403120, 795.8
2021-03-14T14:31:35, 5.4308124, 95.6403050, 795.6
2021-03-14T14:31:36, 5.4308085, 95.6403050, 795.7
2021-03-14T14:31:37, 5.4308043, 95.6403050, 795.4
2021-03-14T14:31:38, 5.4307971, 95.6402890, 795.4
2021-03-14T14:31:39, 5.4307928, 95.6402890, 795.9
2021-03-14T14:31:40, 5.4307885, 95.6402820, 794.8
2021-03-14T14:31:41, 5.4307814, 95.6402740, 795.0
2021-03-14T14:31:42, 5.4307752, 95.6402660, 796.1
2021-03-14T14:31:43, 5.4307685, 95.6402660, 796.6
2021-03-14T14:31:44, 5.4307618, 95.6402660, 797.5
2021-03-14T14:31:45, 5.4307547, 95.6402590, 798.1
2021-03-14T14:31:47, 5.4307351, 95.6402510, 799.5
2021-03-14T14:31:48, 5.4307251, 95.6402360, 800.2
2021-03-14T14:31:49, 5.4307189, 95.6402360, 801.2
2021-03-14T14:31:50, 5.4307113, 95.6402360, 801.2
2021-03-14T14:31:51, 5.4307003, 95.6402280, 802.4
2021-03-14T14:31:52, 5.4306946, 95.6402280, 802.0
2021-03-14T14:31:53, 5.4306865, 95.6402280, 802.1
2021-03-14T14:31:54, 5.4306812, 95.6402210, 802.0
2021-03-14T14:31:55, 5.4306755, 95.6402130, 801.8
2021-03-14T14:31:56, 5.4306698, 95.6402050, 801.0
2021-03-14T14:31:57, 5.4306617, 95.6401900, 800.5
2021-03-14T14:31:58, 5.4306550, 95.6401900, 800.1
2021-03-14T14:31:59, 5.4306483, 95.6401900, 798.6
2021-03-14T14:32:00, 5.4306450, 95.6401900, 798.4
2021-03-14T14:32:01, 5.4306364, 95.6401750, 798.0
2021-03-14T14:32:02, 5.4306288, 95.6401600, 797.2
2021-03-14T14:32:03, 5.4306226, 95.6401520, 795.8
2021-03-14T14:32:04, 5.4306159, 95.6401520, 795.8
2021-03-14T14:32:05, 5.4306107, 95.6401440, 795.0
2021-03-14T14:32:06, 5.4306016, 95.6401370, 794.1
2021-03-14T14:32:07, 5.4305944, 95.6401290, 793.8
2021-03-14T14:32:08, 5.4305868, 95.6401290, 792.1
2021-03-14T14:32:09, 5.4305882, 95.6401210, 792.5
2021-03-14T14:32:10, 5.4305840, 95.6401140, 792.2
2021-03-14T14:32:11, 5.4305787, 95.6401140, 791.6
2021-03-14T14:32:12, 5.4305668, 95.6401060, 791.1
2021-03-14T14:32:13, 5.4305553, 95.6400990, 790.5
2021-03-14T14:32:14, 5.4305511, 95.6400910, 790.2
2021-03-14T14:32:15, 5.4305439, 95.6400830, 789.7
2021-03-14T14:32:16, 5.4305391, 95.6400760, 790.0
2021-03-14T14:32:17, 5.4305329, 95.6400680, 790.0
2021-03-14T14:32:18, 5.4305253, 95.6400680, 790.6
2021-03-14T14:32:19, 5.4305186, 95.6400530, 790.6
2021-03-14T14:32:20, 5.4305129, 95.6400530, 790.6
2021-03-14T14:32:21, 5.4305072, 95.6400450, 790.1
2021-03-14T14:32:22, 5.4305015, 95.6400380, 790.2
2021-03-14T14:32:23, 5.4304953, 95.6400300, 790.0
2021-03-14T14:32:24, 5.4304905, 95.6400300, 789.9
2021-03-14T14:32:25, 5.4304814, 95.6400220, 788.5
2021-03-14T14:32:27, 5.4304667, 95.6400150, 788.0
2021-03-14T14:32:28, 5.4304605, 95.6400070, 787.8
2021-03-14T14:32:29, 5.4304519, 95.6399990, 787.7
2021-03-14T14:32:30, 5.4304399, 95.6399920, 787.8
2021-03-14T14:32:31, 5.4304318, 95.6399920, 786.5
2021-03-14T14:32:32, 5.4304271, 95.6399840, 786.2
2021-03-14T14:32:33, 5.4304147, 95.6399770, 784.6
2021-03-14T14:32:34, 5.4304042, 95.6399690, 786.1
2021-03-14T14:32:35, 5.4303937, 95.6399690, 786.4
2021-03-14T14:32:36, 5.4303865, 95.6399610, 786.5
2021-03-14T14:32:37, 5.4303770, 95.6399610, 785.9
2021-03-14T14:32:38, 5.4303679, 95.6399540, 786.1
2021-03-14T14:32:39, 5.4303627, 95.6399540, 786.2
2021-03-14T14:32:40, 5.4303551, 95.6399460, 787.7
2021-03-14T14:32:41, 5.4303455, 95.6399460, 787.1
2021-03-14T14:32:42, 5.4303360, 95.6399380, 785.8
2021-03-14T14:32:43, 5.4303274, 95.6399310, 784.0
2021-03-14T14:32:44, 5.4303188, 95.6399230, 783.3
2021-03-14T14:32:45, 5.4303102, 95.6399150, 782.7
2021-03-14T14:32:46, 5.4303050, 95.6399080, 783.5
2021-03-14T14:32:47, 5.4302969, 95.6399080, 783.2
2021-03-14T14:32:48, 5.4302855, 95.6399080, 782.6
2021-03-14T14:32:49, 5.4302764, 95.6399080, 781.9
2021-03-14T14:32:50, 5.4302707, 95.6399000, 781.3
2021-03-14T14:32:51, 5.4302654, 95.6399000, 780.4
2021-03-14T14:32:52, 5.4302578, 95.6399000, 779.7
2021-03-14T14:32:53, 5.4302526, 95.6399080, 779.3
2021-03-14T14:32:54, 5.4302483, 95.6399000, 779.0
2021-03-14T14:32:55, 5.4302440, 95.6399000, 778.9
2021-03-14T14:32:56, 5.4302363, 95.6399080, 779.6
2021-03-14T14:32:57, 5.4302273, 95.6399080, 780.3
2021-03-14T14:32:58, 5.4302216, 95.6399080, 781.0
2021-03-14T14:32:59, 5.4302154, 95.6399080, 781.2
2021-03-14T14:33:00, 5.4302049, 95.6399080, 781.5
2021-03-14T14:33:01, 5.4301972, 95.6399080, 781.1
2021-03-14T14:33:02, 5.4301896, 95.6399080, 780.9
2021-03-14T14:33:03, 5.4301825, 95.6399080, 780.7
2021-03-14T14:33:04, 5.4301758, 95.6399080, 780.6
2021-03-14T14:33:06, 5.4301615, 95.6399000, 780.5
2021-03-14T14:33:07, 5.4301581, 95.6399000, 780.3
2021-03-14T14:33:08, 5.4301524, 95.6398930, 780.4
2021-03-14T14:33:09, 5.4301496, 95.6398930, 780.6
2021-03-14T14:33:10, 5.4301457, 95.6398930, 780.5
2021-03-14T14:33:11, 5.4301414, 95.6398930, 780.4
2021-03-14T14:33:12, 5.4301367, 95.6398930, 780.2
2021-03-14T14:33:13, 5.4301310, 95.6398930, 779.9
2021-03-14T14:33:14, 5.4301219, 95.6398850, 779.4
2021-03-14T14:33:15, 5.4301143, 95.6398770, 779.6
2021-03-14T14:33:16, 5.4301033, 95.6398700, 777.2
2021-03-14T14:33:17, 5.4300909, 95.6398700, 776.1
2021-03-14T14:33:18, 5.4300838, 95.6398700, 775.4
2021-03-14T14:33:19, 5.4300761, 95.6398620, 775.6
2021-03-14T14:33:20, 5.4300671, 95.6398620, 775.6
2021-03-14T14:33:21, 5.4300561, 95.6398540, 775.0
2021-03-14T14:33:22, 5.4300432, 95.6398540, 774.6
2021-03-14T14:33:23, 5.4300313, 95.6398470, 774.3
2021-03-14T14:33:24, 5.4300251, 95.6398470, 774.7
2021-03-14T14:33:25, 5.4300156, 95.6398470, 773.8
2021-03-14T14:33:26, 5.4300075, 95.6398390, 774.1
2021-03-14T14:33:27, 5.4300008, 95.6398390, 773.3
2021-03-14T14:33:28, 5.4299927, 95.6398320, 772.3
2021-03-14T14:33:29, 5.4299831, 95.6398320, 771.1
2021-03-14T14:33:30, 5.4299746, 95.6398320, 770.8
2021-03-14T14:33:31, 5.4299664, 95.6398240, 771.3
2021-03-14T14:33:32, 5.4299579, 95.6398240, 771.6
2021-03-14T14:33:33, 5.4299493, 95.6398160, 771.5
2021-03-14T14:33:34, 5.4299402, 95.6398090, 771.4
2021-03-14T14:33:35, 5.4299283, 95.6398090, 771.8
2021-03-14T14:33:36, 5.4299207, 95.6398010, 772.3
2021-03-14T14:33:37, 5.4299126, 95.6398010, 772.3
2021-03-14T14:33:38, 5.4299045, 95.6397930, 772.3
2021-03-14T14:33:39, 5.4298983, 95.6397930, 772.5
2021-03-14T14:33:40, 5.4298935, 95.6397930, 772.5
2021-03-14T14:33:41, 5.4298930, 95.6398010, 772.4
2021-03-14T14:33:42, 5.4298916, 95.6398010, 772.2
2021-03-14T14:33:44, 5.4298854, 95.6398010, 772.5
2021-03-14T14:33:45, 5.4298825, 95.6398010, 772.7
2021-03-14T14:33:46, 5.4298787, 95.6398010, 773.2
2021-03-14T14:33:47, 5.4298739, 95.6398010, 773.8
2021-03-14T14:33:48, 5.4298682, 95.6398010, 774.0
2021-03-14T14:33:49, 5.4298639, 95.6398010, 774.3
2021-03-14T14:33:50, 5.4298611, 95.6398010, 774.7
2021-03-14T14:33:51, 5.4298553, 95.6397930, 774.9
2021-03-14T14:33:52, 5.4298511, 95.6397930, 774.9
2021-03-14T14:33:53, 5.4298477, 95.6397930, 775.3
2021-03-14T14:33:54, 5.4298434, 95.6397930, 775.6
2021-03-14T14:33:55, 5.4298401, 95.6397930, 775.6
2021-03-14T14:33:56, 5.4298382, 95.6397930, 775.8
2021-03-14T14:33:57, 5.4298358, 95.6397930, 776.0
2021-03-14T14:33:58, 5.4298339, 95.6397930, 776.3
2021-03-14T14:33:59, 5.4298320, 95.6397930, 776.2
2021-03-14T14:34:00, 5.4298310, 95.6397930, 776.1
2021-03-14T14:34:01, 5.4298310, 95.6397930, 775.8
2021-03-14T14:34:02, 5.4298306, 95.6398010, 775.4
2021-03-14T14:34:03, 5.4298306, 95.6398010, 775.3
2021-03-14T14:34:04, 5.4298272, 95.6398010, 775.2
2021-03-14T14:34:05, 5.4298248, 95.6397930, 775.8
2021-03-14T14:34:06, 5.4298215, 95.6397930, 776.1
2021-03-14T14:34:07, 5.4298196, 95.6397930, 776.1
2021-03-14T14:34:08, 5.4298153, 95.6397860, 775.7
2021-03-14T14:34:09, 5.4298120, 95.6397860, 775.4
2021-03-14T14:34:10, 5.4298105, 95.6397780, 774.9
2021-03-14T14:34:11, 5.4298058, 95.6397710, 774.7
2021-03-14T14:34:12, 5.4298015, 95.6397710, 774.2
2021-03-14T14:34:13, 5.4297972, 95.6397710, 774.3
2021-03-14T14:34:14, 5.4297938, 95.6397710, 774.2
2021-03-14T14:34:15, 5.4297895, 95.6397630, 773.0
2021-03-14T14:34:16, 5.4297791, 95.6397550, 772.7
2021-03-14T14:34:17, 5.4297752, 95.6397550, 772.4
2021-03-14T14:34:18, 5.4297719, 95.6397550, 772.1
2021-03-14T14:34:19, 5.4297667, 95.6397550, 771.9
2021-03-14T14:34:20, 5.4297576, 95.6397550, 771.7
2021-03-14T14:34:21, 5.4297490, 95.6397550, 771.8
2021-03-14T14:34:23, 5.4297338, 95.6397550, 771.6
2021-03-14T14:34:24, 5.4297290, 95.6397550, 771.4
2021-03-14T14:34:25, 5.4297218, 95.6397630, 771.2
2021-03-14T14:34:26, 5.4297152, 95.6397630, 770.4
2021-03-14T14:34:27, 5.4297023, 95.6397710, 769.7
2021-03-14T14:34:28, 5.4296951, 95.6397710, 768.6
2021-03-14T14:34:29, 5.4296927, 95.6397710, 768.6
2021-03-14T14:34:30, 5.4296904, 95.6397780, 768.3
2021-03-14T14:34:31, 5.4296851, 95.6397780, 768.3
2021-03-14T14:34:32, 5.4296823, 95.6397780, 768.0
2021-03-14T14:34:33, 5.4296789, 95.6397780, 768.0
2021-03-14T14:34:34, 5.4296751, 95.6397780, 767.9
2021-03-14T14:34:35, 5.4296689, 95.6397780, 767.6
2021-03-14T14:34:36, 5.4296660, 95.6397860, 767.2
2021-03-14T14:34:37, 5.4296608, 95.6397860, 766.8
2021-03-14T14:34:38, 5.4296551, 95.6397860, 766.2
2021-03-14T14:34:39, 5.4296522, 95.6397930, 766.5
2021-03-14T14:34:40, 5.4296479, 95.6397930, 766.2
2021-03-14T14:34:41, 5.4296403, 95.6397930, 765.4
2021-03-14T14:34:42, 5.4296327, 95.6397930, 765.2
2021-03-14T14:34:43, 5.4296293, 95.6397930, 765.5
2021-03-14T14:34:44, 5.4296236, 95.6397930, 765.7
2021-03-14T14:34:45, 5.4296169, 95.6397930, 764.8
2021-03-14T14:34:46, 5.4296126, 95.6397930, 765.0
2021-03-14T14:34:47, 5.4296041, 95.6397930, 764.7
2021-03-14T14:34:48, 5.4295926, 95.6397860, 764.8
2021-03-14T14:34:49, 5.4295835, 95.6397860, 766.2
2021-03-14T14:34:50, 5.4295750, 95.6397860, 766.3
2021-03-14T14:34:51, 5.4295697, 95.6397860, 765.2
2021-03-14T14:34:52, 5.4295630, 95.6397860, 764.2
2021-03-14T14:34:53, 5.4295521, 95.6397930, 762.8
2021-03-14T14:34:54, 5.4295430, 95.6397930, 763.0
2021-03-14T14:34:55, 5.4295325, 95.6397930, 763.0
2021-03-14T14:34:56, 5.4295144, 95.6398010, 763.5
2021-03-14T14:34:57, 5.4295068, 95.6398010, 765.6
2021-03-14T14:34:58, 5.4295001, 95.6398010, 764.9
2021-03-14T14:34:59, 5.4294925, 95.6398010, 764.4
2021-03-14T14:35:00, 5.4294829, 95.6398010, 764.5
2021-03-14T14:35:01, 5.4294729, 95.6398010, 764.5
2021-03-14T14:35:03, 5.4294543, 95.6398090, 765.1
2021-03-14T14:35:04, 5.4294467, 95.6398090, 764.9
2021-03-14T14:35:05, 5.4294386, 95.6398010, 764.7
2021-03-14T14:35:06, 5.4294305, 95.6398010, 764.7
2021-03-14T14:35:07, 5.4294205, 95.6398010, 765.0
2021-03-14T14:35:08, 5.4294100, 95.6398010, 765.5
2021-03-14T14:35:09, 5.4294033, 95.6397930, 765.6
2021-03-14T14:35:10, 5.4293976, 95.6397930, 764.9
2021-03-14T14:35:11, 5.4293919, 95.6397930, 764.7
2021-03-14T14:35:12, 5.4293847, 95.6397930, 764.3
2021-03-14T14:35:13, 5.4293776, 95.6397930, 764.4
2021-03-14T14:35:14, 5.4293690, 95.6397930, 764.1
2021-03-14T14:35:15, 5.4293585, 95.6397930, 763.8
2021-03-14T14:35:16, 5.4293518, 95.6397930, 763.3
2021-03-14T14:35:17, 5.4293423, 95.6397930, 762.6
2021-03-14T14:35:18, 5.4293265, 95.6397930, 762.7
2021-03-14T14:35:19, 5.4293151, 95.6397930, 763.5
2021-03-14T14:35:20, 5.4293103, 95.6397930, 763.8
2021-03-14T14:35:21, 5.4293036, 95.6397930, 763.7
2021-03-14T14:35:22, 5.4292974, 95.6397930, 764.2
2021-03-14T14:35:23, 5.4292889, 95.6397930, 764.0
2021-03-14T14:35:24, 5.4292846, 95.6397930, 764.3
2021-03-14T14:35:25, 5.4292760, 95.6397930, 763.0
2021-03-14T14:35:26, 5.4292679, 95.6397930, 763.1
2021-03-14T14:35:27, 5.4292598, 95.6397930, 762.8
2021-03-14T14:35:28, 5.4292531, 95.6397860, 762.3
2021-03-14T14:35:29, 5.4292464, 95.6397780, 762.0
2021-03-14T14:35:30, 5.4292417, 95.6397710, 762.1
2021-03-14T14:35:31, 5.4292369, 95.6397710, 761.3
2021-03-14T14:35:32, 5.4292288, 95.6397710, 760.4
2021-03-14T14:35:33, 5.4292202, 95.6397630, 760.0
2021-03-14T14:35:34, 5.4292116, 95.6397550, 758.8
2021-03-14T14:35:35, 5.4292026, 95.6397550, 758.5
2021-03-14T14:35:36, 5.4291945, 95.6397550, 758.6
2021-03-14T14:35:37, 5.4291883, 95.6397550, 758.3
2021-03-14T14:35:38, 5.4291816, 95.6397550, 757.3
2021-03-14T14:35:39, 5.4291668, 95.6397550, 756.8
2021-03-14T14:35:41, 5.4291430, 95.6397550, 752.9
2021-03-14T14:35:42, 5.4291348, 95.6397550, 752.4
2021-03-14T14:35:43, 5.4291282, 95.6397550, 752.3
2021-03-14T14:35:44, 5.4291210, 95.6397550, 752.7
2021-03-14T14:35:45, 5.4291096, 95.6397630, 752.8
2021-03-14T14:35:46, 5.4291024, 95.6397550, 753.3
2021-03-14T14:35:47, 5.4290957, 95.6397550, 752.6
2021-03-14T14:35:48, 5.4290905, 95.6397630, 753.3
2021-03-14T14:35:49, 5.4290843, 95.6397630, 753.6
2021-03-14T14:35:50, 5.4290771, 95.6397630, 754.1
2021-03-14T14:35:51, 5.4290690, 95.6397550, 754.4
2021-03-14T14:35:52, 5.4290652, 95.6397550, 755.0
2021-03-14T14:35:53, 5.4290586, 95.6397550, 755.0
2021-03-14T14:35:54, 5.4290495, 95.6397550, 755.4
2021-03-14T14:35:55, 5.4290419, 95.6397550, 756.3
2021-03-14T14:35:56, 5.4290409, 95.6397550, 756.9
2021-03-14T14:35:57, 5.4290357, 95.6397550, 756.4
2021-03-14T14:35:58, 5.4290276, 95.6397480, 757.4
2021-03-14T14:35:59, 5.4290214, 95.6397480, 757.3
2021-03-14T14:36:00, 5.4290171, 95.6397480, 757.7
2021-03-14T14:36:01, 5.4290118, 95.6397480, 757.7
2021-03-14T14:36:02, 5.4290047, 95.6397400, 758.7
2021-03-14T14:36:03, 5.4289980, 95.6397400, 759.7
2021-03-14T14:36:04, 5.4289923, 95.6397320, 760.8
2021-03-14T14:36:05, 5.4289880, 95.6397320, 761.8
2021-03-14T14:36:06, 5.4289851, 95.6397320, 761.7
2021-03-14T14:36:07, 5.4289827, 95.6397320, 762.3
2021-03-14T14:36:08, 5.4289794, 95.6397320, 762.1
2021-03-14T14:36:09, 5.4289746, 95.6397320, 761.9
2021-03-14T14:36:10, 5.4289722, 95.6397320, 762.3
2021-03-14T14:36:11, 5.4289689, 95.6397320, 762.4
2021-03-14T14:36:12, 5.4289656, 95.6397250, 762.4
2021-03-14T14:36:13, 5.4289618, 95.6397250, 762.8
2021-03-14T14:36:14, 5.4289570, 95.6397250, 762.6
2021-03-14T14:36:15, 5.4289536, 95.6397250, 763.1
2021-03-14T14:36:16, 5.4289460, 95.6397250, 763.5
2021-03-14T14:36:17, 5.4289389, 95.6397170, 763.7
2021-03-14T14:36:18, 5.4289327, 95.6397090, 763.8
2021-03-14T14:36:19, 5.4289274, 95.6397090, 763.5
2021-03-14T14:36:21, 5.4289184, 95.6397020, 764.6
2021-03-14T14:36:22, 5.4289112, 95.6396940, 764.8
2021-03-14T14:36:23, 5.4289045, 95.6396870, 764.9
2021-03-14T14:36:24, 5.4288983, 95.6396790, 764.9
2021-03-14T14:36:25, 5.4288921, 95.6396640, 765.0
2021-03-14T14:36:26, 5.4288878, 95.6396560, 763.4
2021-03-14T14:36:27, 5.4288836, 95.6396480, 762.8
2021-03-14T14:36:28, 5.4288793, 95.6396410, 762.6
2021-03-14T14:36:29, 5.4288735, 95.6396330, 761.5
2021-03-14T14:36:30, 5.4288669, 95.6396330, 760.9
2021-03-14T14:36:31, 5.4288592, 95.6396260, 760.1
2021-03-14T14:36:32, 5.4288492, 95.6396180, 759.4
2021-03-14T14:36:33, 5.4288402, 95.6396100, 758.7
2021-03-14T14:36:34, 5.4288325, 95.6395950, 757.1
2021-03-14T14:36:35, 5.4288230, 95.6395950, 756.3
2021-03-14T14:36:36, 5.4288144, 95.6395950, 755.8
2021-03-14T14:36:37, 5.4288054, 95.6395950, 755.0
2021-03-14T14:36:38, 5.4287949, 95.6395870, 753.6
2021-03-14T14:36:39, 5.4287839, 95.6395870, 752.7
2021-03-14T14:36:40, 5.4287720, 95.6395950, 752.6
2021-03-14T14:36:41, 5.4287634, 95.6395950, 752.4
2021-03-14T14:36:42, 5.4287567, 95.6395950, 751.9
2021-03-14T14:36:43, 5.4287519, 95.6395870, 751.4
2021-03-14T14:36:44, 5.4287457, 95.6395870, 751.0
2021-03-14T14:36:45, 5.4287367, 95.6395800, 750.9
2021-03-14T14:36:46, 5.4287291, 95.6395800, 750.6
2021-03-14T14:36:47, 5.4287224, 95.6395800, 750.4
2021-03-14T14:36:48, 5.4287143, 95.6395720, 750.0
2021-03-14T14:36:49, 5.4287100, 95.6395650, 748.9
2021-03-14T14:36:50, 5.4287033, 95.6395570, 748.2
2021-03-14T14:36:51, 5.4286942, 95.6395570, 747.8
2021-03-14T14:36:52, 5.4286866, 95.6395570, 747.4
2021-03-14T14:36:53, 5.4286785, 95.6395490, 746.7
2021-03-14T14:36:54, 5.4286680, 95.6395420, 746.5
2021-03-14T14:36:55, 5.4286590, 95.6395420, 746.5
2021-03-14T14:36:56, 5.4286504, 95.6395340, 746.6
2021-03-14T14:36:57, 5.4286413, 95.6395260, 746.5
2021-03-14T14:36:58, 5.4286265, 95.6395190, 746.5
2021-03-14T14:37:00, 5.4286056, 95.6395110, 747.0
2021-03-14T14:37:01, 5.4285979, 95.6395110, 746.5
2021-03-14T14:37:02, 5.4285951, 95.6395030, 746.5
2021-03-14T14:37:03, 5.4285946, 95.6394880, 745.9
2021-03-14T14:37:04, 5.4285927, 95.6394730, 746.4
2021-03-14T14:37:05, 5.4285889, 95.6394730, 747.2
2021-03-14T14:37:06, 5.4285851, 95.6394650, 747.0
2021-03-14T14:37:07, 5.4285841, 95.6394580, 746.5
2021-03-14T14:37:08, 5.4285765, 95.6394500, 744.7
2021-03-14T14:37:09, 5.4285741, 95.6394500, 744.5
2021-03-14T14:37:10, 5.4285750, 95.6394350, 744.3
2021-03-14T14:37:11, 5.4285750, 95.6394270, 742.0
2021-03-14T14:37:12, 5.4285793, 95.6394200, 741.8
2021-03-14T14:37:13, 5.4285803, 95.6394040, 740.3
2021-03-14T14:37:14, 5.4285831, 95.6393890, 739.2
2021-03-14T14:37:15, 5.4285836, 95.6393810, 739.1
2021-03-14T14:37:16, 5.4285855, 95.6393660, 738.9
2021-03-14T14:37:17, 5.4285865, 95.6393590, 738.7
2021-03-14T14:37:18, 5.4285889, 95.6393360, 738.5
2021-03-14T14:37:19, 5.4285889, 95.6393200, 738.1
2021-03-14T14:37:20, 5.4285874, 95.6393050, 738.7
2021-03-14T14:37:21, 5.4285879, 95.6392900, 738.8
2021-03-14T14:37:22, 5.4285865, 95.6392820, 738.8
2021-03-14T14:37:23, 5.4285817, 95.6392750, 739.3
2021-03-14T14:37:24, 5.4285822, 95.6392590, 740.5
2021-03-14T14:37:25, 5.4285831, 95.6392440, 740.5
2021-03-14T14:37:26, 5.4285841, 95.6392360, 741.0
2021-03-14T14:37:27, 5.4285855, 95.6392210, 740.7
2021-03-14T14:37:28, 5.4285827, 95.6392060, 740.8
2021-03-14T14:37:29, 5.4285827, 95.6391980, 740.2
2021-03-14T14:37:30, 5.4285851, 95.6391980, 741.0
2021-03-14T14:37:31, 5.4285855, 95.6391910, 742.1
2021-03-14T14:37:32, 5.4285870, 95.6391830, 742.9
2021-03-14T14:37:33, 5.4285879, 95.6391750, 743.2
2021-03-14T14:37:34, 5.4285913, 95.6391680, 743.3
2021-03-14T14:37:35, 5.4285903, 95.6391600, 743.3
2021-03-14T14:37:36, 5.4285874, 95.6391530, 743.6
2021-03-14T14:37:37, 5.4285874, 95.6391530, 744.1
2021-03-14T14:37:39, 5.4285812, 95.6391300, 744.0
2021-03-14T14:37:40, 5.4285765, 95.6391140, 744.0
2021-03-14T14:37:41, 5.4285727, 95.6391140, 744.1
2021-03-14T14:37:42, 5.4285679, 95.6391070, 743.7
2021-03-14T14:37:43, 5.4285626, 95.6390910, 743.6
2021-03-14T14:37:44, 5.4285579, 95.6390840, 743.7
2021-03-14T14:37:45, 5.4285512, 95.6390760, 742.8
2021-03-14T14:37:46, 5.4285455, 95.6390760, 742.8
2021-03-14T14:37:47, 5.4285378, 95.6390760, 742.2
2021-03-14T14:37:48, 5.4285302, 95.6390690, 742.0
2021-03-14T14:37:49, 5.4285207, 95.6390610, 741.4
2021-03-14T14:37:50, 5.4285135, 95.6390530, 741.2
2021-03-14T14:37:51, 5.4284992, 95.6390460, 741.1
2021-03-14T14:37:52, 5.4284892, 95.6390460, 740.3
2021-03-14T14:37:53, 5.4284811, 95.6390460, 739.9
2021-03-14T14:37:54, 5.4284749, 95.6390460, 738.8
2021-03-14T14:37:55, 5.4284682, 95.6390460, 738.9
2021-03-14T14:37:56, 5.4284601, 95.6390460, 738.2
2021-03-14T14:37:57, 5.4284568, 95.6390460, 738.3
2021-03-14T14:37:58, 5.4284520, 95.6390460, 737.3
2021-03-14T14:37:59, 5.4284482, 95.6390380, 737.2
2021-03-14T14:38:00, 5.4284406, 95.6390380, 736.8
2021-03-14T14:38:01, 5.4284334, 95.6390300, 737.1
2021-03-14T14:38:02, 5.4284267, 95.6390230, 736.4
2021-03-14T14:38:03, 5.4284205, 95.6390230, 736.0
2021-03-14T14:38:04, 5.4284186, 95.6390150, 735.0
2021-03-14T14:38:05, 5.4284163, 95.6390080, 734.8
2021-03-14T14:38:06, 5.4284115, 95.6390000, 734.2
2021-03-14T14:38:07, 5.4284048, 95.6390000, 734.4
2021-03-14T14:38:08, 5.4284015, 95.6389920, 734.7
2021-03-14T14:38:09, 5.4283962, 95.6389850, 734.4
2021-03-14T14:38:10, 5.4283915, 95.6389770, 734.5
2021-03-14T14:38:11, 5.4283838, 95.6389620, 734.2
2021-03-14T14:38:12, 5.4283743, 95.6389540, 734.4
2021-03-14T14:38:13, 5.4283686, 95.6389540, 734.2
2021-03-14T14:38:14, 5.4283628, 95.6389470, 734.1
2021-03-14T14:38:15, 5.4283605, 95.6389310, 733.7
2021-03-14T14:38:16, 5.4283538, 95.6389240, 733.1
2021-03-14T14:38:17, 5.4283466, 95.6389160, 732.2
2021-03-14T14:38:19, 5.4283319, 95.6389080, 731.1
2021-03-14T14:38:20, 5.4283223, 95.6389010, 730.6
2021-03-14T14:38:21, 5.4283152, 95.6388930, 730.5
2021-03-14T14:38:22, 5.4283080, 95.6388850, 730.4
2021-03-14T14:38:23, 5.4282975, 95.6388850, 730.3
2021-03-14T14:38:24, 5.4282889, 95.6388780, 730.3
2021-03-14T14:38:25, 5.4282799, 95.6388780, 729.9
2021-03-14T14:38:26, 5.4282718, 95.6388700, 729.1
2021-03-14T14:38:27, 5.4282632, 95.6388550, 728.3
2021-03-14T14:38:28, 5.4282541, 95.6388470, 727.8
2021-03-14T14:38:29, 5.4282451, 95.6388400, 727.7
2021-03-14T14:38:30, 5.4282355, 95.6388400, 727.1
2021-03-14T14:38:31, 5.4282250, 95.6388400, 726.7
2021-03-14T14:38:32, 5.4282146, 95.6388320, 726.2
2021-03-14T14:38:33, 5.4282060, 95.6388240, 726.2
2021-03-14T14:38:34, 5.4281955, 95.6388170, 726.3
2021-03-14T14:38:35, 5.4281850, 95.6388170, 726.0
2021-03-14T14:38:36, 5.4281764, 95.6388090, 725.4
2021-03-14T14:38:37, 5.4281678, 95.6388090, 724.9
2021-03-14T14:38:38, 5.4281569, 95.6388090, 724.9
2021-03-14T14:38:39, 5.4281459, 95.6388090, 724.6
2021-03-14T14:38:40, 5.4281325, 95.6388090, 723.5
2021-03-14T14:38:41, 5.4281225, 95.6388090, 723.5
2021-03-14T14:38:42, 5.4281096, 95.6388090, 723.0
2021-03-14T14:38:43, 5.4280972, 95.6388090, 722.4
2021-03-14T14:38:44, 5.4280853, 95.6388020, 722.1
2021-03-14T14:38:45, 5.4280734, 95.6388020, 721.5
2021-03-14T14:38:46, 5.4280596, 95.6388020, 720.7
2021-03-14T14:38:47, 5.4280462, 95.6388020, 720.6
2021-03-14T14:38:48, 5.4280353, 95.6388090, 720.0
2021-03-14T14:38:49, 5.4280195, 95.6388090, 720.2
2021-03-14T14:38:50, 5.4280052, 95.6388090, 720.6
2021-03-14T14:38:51, 5.4279919, 95.6388020, 720.6
2021-03-14T14:38:52, 5.4279799, 95.6388020, 720.8
2021-03-14T14:38:53, 5.4279699, 95.6387940, 721.0
2021-03-14T14:38:54, 5.4279613, 95.6387940, 720.9
2021-03-14T14:38:55, 5.4279523, 95.6387860, 721.2
2021-03-14T14:38:56, 5.4279428, 95.6387790, 721.7
2021-03-14T14:38:57, 5.4279337, 95.6387710, 721.4
2021-03-14T14:38:59, 5.4279175, 95.6387560, 721.0
2021-03-14T14:39:00, 5.4279089, 95.6387560, 721.1
2021-03-14T14:39:01, 5.4278989, 95.6387480, 720.8
2021-03-14T14:39:02, 5.4278879, 95.6387410, 720.9
2021-03-14T14:39:03, 5.4278803, 95.6387330, 720.6
2021-03-14T14:39:04, 5.4278741, 95.6387330, 720.6
2021-03-14T14:39:05, 5.4278679, 95.6387250, 720.5
2021-03-14T14:39:06, 5.4278603, 95.6387180, 720.5
2021-03-14T14:39:07, 5.4278541, 95.6387100, 720.2
2021-03-14T14:39:08, 5.4278488, 95.6387020, 720.7
2021-03-14T14:39:09, 5.4278407, 95.6386950, 720.3
2021-03-14T14:39:10, 5.4278316, 95.6386870, 720.0
2021-03-14T14:39:11, 5.4278293, 95.6386800, 719.9
2021-03-14T14:39:12, 5.4278274, 95.6386720, 720.0
2021-03-14T14:39:13, 5.4278207, 95.6386640, 720.3
2021-03-14T14:39:14, 5.4278183, 95.6386490, 720.5
2021-03-14T14:39:15, 5.4278121, 95.6386410, 720.3
2021-03-14T14:39:16, 5.4278054, 95.6386340, 720.1
2021-03-14T14:39:17, 5.4277983, 95.6386260, 719.3
2021-03-14T14:39:18, 5.4277911, 95.6386110, 719.3
2021-03-14T14:39:19, 5.4277849, 95.6386030, 718.5
2021-03-14T14:39:20, 5.4277759, 95.6385960, 718.0
2021-03-14T14:39:21, 5.4277682, 95.6385880, 717.4
2021-03-14T14:39:22, 5.4277592, 95.6385800, 716.3
2021-03-14T14:39:23, 5.4277492, 95.6385730, 716.4
2021-03-14T14:39:24, 5.4277411, 95.6385650, 716.3
2021-03-14T14:39:25, 5.4277329, 95.6385650, 716.2
2021-03-14T14:39:26, 5.4277258, 95.6385570, 716.8
2021-03-14T14:39:27, 5.4277191, 95.6385570, 716.7
2021-03-14T14:39:28, 5.4277096, 95.6385570, 717.1
2021-03-14T14:39:29, 5.4277015, 95.6385570, 716.7
2021-03-14T14:39:30, 5.4276919, 95.6385570, 716.4
2021-03-14T14:39:31, 5.4276814, 95.6385500, 716.6
2021-03-14T14:39:32, 5.4276719, 95.6385350, 716.6
2021-03-14T14:39:33, 5.4276633, 95.6385350, 716.7
2021-03-14T14:39:34, 5.4276562, 95.6385270, 716.1
2021-03-14T14:39:36, 5.4276438, 95.6385190, 716.9
2021-03-14T14:39:37, 5.4276385, 95.6385120, 717.3
2021-03-14T14:39:38, 5.4276319, 95.6385040, 716.9
2021-03-14T14:39:39, 5.4276247, 95.6384890, 716.4
2021-03-14T14:39:40, 5.4276199, 95.6384890, 715.4
2021-03-14T14:39:41, 5.4276094, 95.6384810, 714.9
2021-03-14T14:39:42, 5.4275975, 95.6384740, 715.0
2021-03-14T14:39:43, 5.4275851, 95.6384580, 714.8
2021-03-14T14:39:44, 5.4275713, 95.6384510, 714.3
2021-03-14T14:39:45, 5.4275618, 95.6384430, 714.2
2021-03-14T14:39:46, 5.4275527, 95.6384350, 713.8
2021-03-14T14:39:47, 5.4275465, 95.6384350, 713.3
2021-03-14T14:39:48, 5.4275427, 95.6384280, 713.2
2021-03-14T14:39:49, 5.4275393, 95.6384280, 713.4
2021-03-14T14:39:50, 5.4275351, 95.6384280, 713.7
2021-03-14T14:39:51, 5.4275303, 95.6384280, 713.5
2021-03-14T14:39:52, 5.4275274, 95.6384280, 713.4
2021-03-14T14:39:53, 5.4275212, 95.6384280, 713.6
2021-03-14T14:39:54, 5.4275136, 95.6384280, 713.3
2021-03-14T14:39:55, 5.4275055, 95.6384350, 712.8
2021-03-14T14:39:56, 5.4274988, 95.6384430, 712.4
2021-03-14T14:39:57, 5.4274955, 95.6384430, 712.2
2021-03-14T14:39:58, 5.4274902, 95.6384510, 711.7
2021-03-14T14:39:59, 5.4274888, 95.6384580, 712.0
2021-03-14T14:40:00, 5.4274912, 95.6384660, 712.2
2021-03-14T14:40:01, 5.4274917, 95.6384740, 712.0
2021-03-14T14:40:02, 5.4274931, 95.6384810, 712.5
2021-03-14T14:40:03, 5.4274921, 95.6384810, 712.4
2021-03-14T14:40:04, 5.4274917, 95.6384890, 712.6
2021-03-14T14:40:05, 5.4274874, 95.6384960, 713.0
2021-03-14T14:40:06, 5.4274855, 95.6385040, 714.2
2021-03-14T14:40:07, 5.4274831, 95.6385190, 714.6
2021-03-14T14:40:08, 5.4274807, 95.6385190, 714.6
2021-03-14T14:40:09, 5.4274793, 95.6385190, 714.9
2021-03-14T14:40:10, 5.4274793, 95.6385190, 715.2
2021-03-14T14:40:11, 5.4274802, 95.6385270, 715.0
2021-03-14T14:40:12, 5.4274812, 95.6385270, 715.1
2021-03-14T14:40:13, 5.4274802, 95.6385270, 714.8
2021-03-14T14:40:14, 5.4274769, 95.6385350, 714.2
2021-03-14T14:40:16, 5.4274726, 95.6385500, 713.7
2021-03-14T14:40:17, 5.4274707, 95.6385500, 713.5
2021-03-14T14:40:18, 5.4274688, 95.6385570, 713.2
2021-03-14T14:40:19, 5.4274631, 95.6385570, 712.4
2021-03-14T14:40:20, 5.4274578, 95.6385650, 711.7
2021-03-14T14:40:21, 5.4274530, 95.6385730, 711.6
2021-03-14T14:40:22, 5.4274507, 95.6385880, 711.2
2021-03-14T14:40:23, 5.4274459, 95.6385960, 711.2
2021-03-14T14:40:24, 5.4274454, 95.6386030, 711.6
2021-03-14T14:40:25, 5.4274435, 95.6386030, 710.5
2021-03-14T14:40:26, 5.4274397, 95.6386110, 709.7
2021-03-14T14:40:27, 5.4274306, 95.6386180, 709.6
2021-03-14T14:40:28, 5.4274216, 95.6386260, 709.1
2021-03-14T14:40:29, 5.4274120, 95.6386340, 708.5
2021-03-14T14:40:30, 5.4274011, 95.6386340, 708.2
2021-03-14T14:40:31, 5.4273925, 95.6386340, 707.8
2021-03-14T14:40:32, 5.4273806, 95.6386410, 706.8
2021-03-14T14:40:33, 5.4273686, 95.6386410, 706.1
2021-03-14T14:40:34, 5.4273567, 95.6386410, 705.4
2021-03-14T14:40:35, 5.4273472, 95.6386410, 705.1
2021-03-14T14:40:36, 5.4273415, 95.6386490, 704.5
2021-03-14T14:40:37, 5.4273386, 95.6386490, 703.6
2021-03-14T14:40:38, 5.4273329, 95.6386570, 702.9
2021-03-14T14:40:39, 5.4273238, 95.6386640, 702.4
2021-03-14T14:40:40, 5.4273162, 95.6386640, 702.2
2021-03-14T14:40:41, 5.4273067, 95.6386720, 703.3
2021-03-14T14:40:42, 5.4272943, 95.6386720, 703.6
2021-03-14T14:40:43, 5.4272852, 95.6386720, 703.5
2021-03-14T14:40:44, 5.4272747, 95.6386800, 703.2
2021-03-14T14:40:45, 5.4272604, 95.6386800, 703.2
2021-03-14T14:40:46, 5.4272451, 95.6386800, 703.0
2021-03-14T14:40:47, 5.4272323, 95.6386800, 703.1
2021-03-14T14:40:48, 5.4272170, 95.6386800, 702.8
2021-03-14T14:40:49, 5.4272056, 95.6386800, 702.9
2021-03-14T14:40:50, 5.4272027, 95.6386800, 702.8
2021-03-14T14:40:51, 5.4271927, 95.6386800, 702.4
2021-03-14T14:40:52, 5.4271851, 95.6386870, 702.3
2021-03-14T14:40:53, 5.4271746, 95.6386800, 702.1
2021-03-14T14:40:55, 5.4271555, 95.6386800, 701.5
2021-03-14T14:40:56, 5.4271450, 95.6386870, 701.3
2021-03-14T14:40:57, 5.4271331, 95.6386870, 701.8
2021-03-14T14:40:58, 5.4271183, 95.6386870, 701.9
2021-03-14T14:40:59, 5.4271054, 95.6386950, 702.1
2021-03-14T14:41:00, 5.4270930, 95.6386950, 702.5
2021-03-14T14:41:01, 5.4270816, 95.6387020, 702.7
2021-03-14T14:41:02, 5.4270711, 95.6387020, 702.9
2021-03-14T14:41:03, 5.4270587, 95.6387100, 702.5
2021-03-14T14:41:04, 5.4270458, 95.6387180, 702.4
2021-03-14T14:41:05, 5.4270391, 95.6387180, 702.8
2021-03-14T14:41:06, 5.4270315, 95.6387180, 702.4
2021-03-14T14:41:07, 5.4270239, 95.6387180, 702.1
2021-03-14T14:41:08, 5.4270124, 95.6387180, 701.9
2021-03-14T14:41:09, 5.4270024, 95.6387100, 701.8
2021-03-14T14:41:10, 5.4269962, 95.6387100, 701.8
2021-03-14T14:41:11, 5.4269848, 95.6387020, 701.4
2021-03-14T14:41:12, 5.4269753, 95.6387020, 701.3
2021-03-14T14:41:13, 5.4269667, 95.6386950, 700.6
2021-03-14T14:41:14, 5.4269567, 95.6386950, 699.6
2021-03-14T14:41:15, 5.4269466, 95.6386950, 699.0
2021-03-14T14:41:16, 5.4269342, 95.6386870, 698.8
2021-03-14T14:41:17, 5.4269247, 95.6386870, 698.6
2021-03-14T14:41:18, 5.4269152, 95.6386800, 698.5
2021-03-14T14:41:19, 5.4269075, 95.6386800, 698.2
2021-03-14T14:41:20, 5.4269009, 95.6386800, 698.1
2021-03-14T14:41:21, 5.4268923, 95.6386800, 697.9
2021-03-14T14:41:22, 5.4268847, 95.6386720, 697.5
2021-03-14T14:41:23, 5.4268761, 95.6386640, 697.4
2021-03-14T14:41:24, 5.4268684, 95.6386570, 697.2
2021-03-14T14:41:25, 5.4268584, 95.6386410, 697.1
2021-03-14T14:41:26, 5.4268479, 95.6386410, 696.3
2021-03-14T14:41:27, 5.4268403, 95.6386410, 696.0
2021-03-14T14:41:28, 5.4268317, 95.6386340, 695.4
2021-03-14T14:41:29, 5.4268227, 95.6386260, 695.2
2021-03-14T14:41:30, 5.4268146, 95.6386180, 695.0
2021-03-14T14:41:31, 5.4268055, 95.6386110, 694.5
2021-03-14T14:41:32, 5.4267936, 95.6386030, 693.7
2021-03-14T14:41:34, 5.4267712, 95.6385960, 693.4
2021-03-14T14:41:35, 5.4267612, 95.6385960, 693.1
2021-03-14T14:41:36, 5.4267526, 95.6385880, 692.6
2021-03-14T14:41:37, 5.4267459, 95.6385880, 691.4
2021-03-14T14:41:38, 5.4267383, 95.6385800, 691.3
2021-03-14T14:41:39, 5.4267249, 95.6385730, 691.4
2021-03-14T14:41:40, 5.4267144, 95.6385730, 691.5
2021-03-14T14:41:41, 5.4267006, 95.6385730, 691.2
2021-03-14T14:41:42, 5.4266834, 95.6385730, 691.0
2021-03-14T14:41:43, 5.4266725, 95.6385730, 691.0
2021-03-14T14:41:44, 5.4266615, 95.6385730, 690.8
2021-03-14T14:41:45, 5.4266505, 95.6385650, 690.6
2021-03-14T14:41:46, 5.4266372, 95.6385650, 690.2
2021-03-14T14:41:47, 5.4266267, 95.6385650, 689.7
2021-03-14T14:41:48, 5.4266148, 95.6385650, 689.4
2021-03-14T14:41:49, 5.4266024, 95.6385650, 689.4
2021-03-14T14:41:50, 5.4265866, 95.6385570, 689.2
2021-03-14T14:41:51, 5.4265718, 95.6385570, 688.6
2021-03-14T14:41:52, 5.4265571, 95.6385570, 688.3
2021-03-14T14:41:53, 5.4265432, 95.6385500, 688.1
2021-03-14T14:41:54, 5.4265318, 95.6385420, 687.9
2021-03-14T14:41:55, 5.4265227, 95.6385420, 687.9
2021-03-14T14:41:56, 5.4265122, 95.6385350, 687.9
2021-03-14T14:41:57, 5.4264998, 95.6385350, 687.7
2021-03-14T14:41:58, 5.4264874, 95.6385270, 687.6
2021-03-14T14:41:59, 5.4264750, 95.6385270, 687.6
2021-03-14T14:42:00, 5.4264665, 95.6385270, 687.7
2021-03-14T14:42:01, 5.4264550, 95.6385270, 687.8
2021-03-14T14:42:02, 5.4264426, 95.6385190, 687.9
2021-03-14T14:42:03, 5.4264331, 95.6385190, 688.0
2021-03-14T14:42:04, 5.4264216, 95.6385190, 687.9
2021-03-14T14:42:05, 5.4264126, 95.6385190, 687.9
2021-03-14T14:42:06, 5.4264040, 95.6385190, 687.9
2021-03-14T14:42:07, 5.4263926, 95.6385190, 687.8
2021-03-14T14:42:08, 5.4263835, 95.6385120, 687.8
2021-03-14T14:42:09, 5.4263735, 95.6385120, 687.5
2021-03-14T14:42:10, 5.4263635, 95.6385120, 687.3
2021-03-14T14:42:11, 5.4263563, 95.6385120, 687.2
2021-03-14T14:42:13, 5.4263463, 95.6385120, 686.3
2021-03-14T14:42:14, 5.4263377, 95.6385040, 686.3
2021-03-14T14:42:15, 5.4263301, 95.6384960, 686.0
2021-03-14T14:42:16, 5.4263186, 95.6384890, 685.8
2021-03-14T14:42:17, 5.4263105, 95.6384810, 685.8
2021-03-14T14:42:18, 5.4263034, 95.6384740, 685.4
2021-03-14T14:42:19, 5.4262962, 95.6384660, 684.9
2021-03-14T14:42:20, 5.4262886, 95.6384580, 684.6
2021-03-14T14:42:21, 5.4262810, 95.6384430, 684.7
2021-03-14T14:42:22, 5.4262743, 95.6384430, 684.6
2021-03-14T14:42:23, 5.4262671, 95.6384350, 684.4
2021-03-14T14:42:24, 5.4262590, 95.6384350, 684.0
2021-03-14T14:42:25, 5.4262500, 95.6384280, 683.9
2021-03-14T14:42:26, 5.4262409, 95.6384280, 683.6
2021-03-14T14:42:27, 5.4262333, 95.6384200, 683.1
2021-03-14T14:42:28, 5.4262257, 95.6384120, 682.8
2021-03-14T14:42:29, 5.4262171, 95.6384120, 682.3
2021-03-14T14:42:30, 5.4262047, 95.6384120, 682.0
2021-03-14T14:42:31, 5.4261975, 95.6384050, 681.5
2021-03-14T14:42:32, 5.4261894, 95.6384050, 681.2
2021-03-14T14:42:33, 5.4261823, 95.6383970, 681.2
2021-03-14T14:42:34, 5.4261751, 95.6383900, 680.8
2021-03-14T14:42:35, 5.4261694, 95.6383820, 680.5
2021-03-14T14:42:36, 5.4261637, 95.6383670, 679.8
2021-03-14T14:42:37, 5.4261584, 95.6383590, 679.4
2021-03-14T14:42:38, 5.4261527, 95.6383510, 678.9
2021-03-14T14:42:39, 5.4261479, 95.6383440, 678.7
2021-03-14T14:42:40, 5.4261427, 95.6383290, 678.8
2021-03-14T14:42:41, 5.4261332, 95.6383210, 678.7
2021-03-14T14:42:42, 5.4261265, 95.6383210, 678.9
2021-03-14T14:42:43, 5.4261184, 95.6383130, 678.4
2021-03-14T14:42:44, 5.4261084, 95.6382980, 678.4
2021-03-14T14:42:45, 5.4260979, 95.6382900, 678.4
2021-03-14T14:42:46, 5.4260874, 95.6382830, 677.9
2021-03-14T14:42:47, 5.4260755, 95.6382830, 677.5
2021-03-14T14:42:48, 5.4260631, 95.6382750, 677.3
2021-03-14T14:42:49, 5.4260507, 95.6382680, 677.2
2021-03-14T14:42:50, 5.4260373, 95.6382680, 676.9
2021-03-14T14:42:52, 5.4260144, 95.6382520, 677.2
2021-03-14T14:42:53, 5.4260035, 95.6382450, 677.2
2021-03-14T14:42:54, 5.4259911, 95.6382370, 677.2
2021-03-14T14:42:55, 5.4259801, 95.6382290, 677.4
2021-03-14T14:42:56, 5.4259686, 95.6382220, 677.2
2021-03-14T14:42:57, 5.4259591, 95.6382140, 677.5
2021-03-14T14:42:58, 5.4259496, 95.6382060, 677.2
2021-03-14T14:42:59, 5.4259391, 95.6381990, 677.1
2021-03-14T14:43:00, 5.4259272, 95.6381910, 677.0
2021-03-14T14:43:01, 5.4259157, 95.6381910, 677.0
2021-03-14T14:43:02, 5.4259062, 95.6381840, 676.8
2021-03-14T14:43:03, 5.4258947, 95.6381760, 676.5
2021-03-14T14:43:04, 5.4258819, 95.6381760, 676.2
2021-03-14T14:43:05, 5.4258695, 95.6381680, 675.8
2021-03-14T14:43:06, 5.4258575, 95.6381610, 675.5
2021-03-14T14:43:07, 5.4258466, 95.6381610, 675.3
2021-03-14T14:43:08, 5.4258337, 95.6381530, 675.0
2021-03-14T14:43:09, 5.4258189, 95.6381450, 674.8
2021-03-14T14:43:10, 5.4258065, 95.6381380, 675.1
2021-03-14T14:43:11, 5.4257936, 95.6381300, 674.8
2021-03-14T14:43:12, 5.4257851, 95.6381300, 674.7
2021-03-14T14:43:13, 5.4257760, 95.6381230, 674.5
2021-03-14T14:43:14, 5.4257660, 95.6381230, 674.3
2021-03-14T14:43:15, 5.4257541, 95.6381150, 674.4
2021-03-14T14:43:16, 5.4257431, 95.6381150, 674.7
2021-03-14T14:43:17, 5.4257307, 95.6381150, 674.6
2021-03-14T14:43:18, 5.4257202, 95.6381230, 674.2
2021-03-14T14:43:19, 5.4257107, 95.6381230, 674.2
2021-03-14T14:43:20, 5.4257007, 95.6381230, 673.7
2021-03-14T14:43:21, 5.4256887, 95.6381300, 673.5
2021-03-14T14:43:22, 5.4256783, 95.6381450, 673.2
2021-03-14T14:43:23, 5.4256721, 95.6381530, 673.0
2021-03-14T14:43:24, 5.4256654, 95.6381610, 672.6
2021-03-14T14:43:25, 5.4256597, 95.6381680, 672.1
2021-03-14T14:43:26, 5.4256535, 95.6381760, 671.8
2021-03-14T14:43:27, 5.4256454, 95.6381840, 671.3
2021-03-14T14:43:29, 5.4256310, 95.6382060, 669.7
2021-03-14T14:43:30, 5.4256210, 95.6382060, 669.3
2021-03-14T14:43:31, 5.4256115, 95.6382140, 668.8
2021-03-14T14:43:32, 5.4256020, 95.6382220, 668.4
2021-03-14T14:43:33, 5.4255929, 95.6382290, 668.0
2021-03-14T14:43:34, 5.4255834, 95.6382450, 667.7
2021-03-14T14:43:35, 5.4255719, 95.6382450, 667.6
2021-03-14T14:43:36, 5.4255590, 95.6382520, 667.1
2021-03-14T14:43:37, 5.4255466, 95.6382600, 667.2
2021-03-14T14:43:38, 5.4255319, 95.6382600, 667.2
2021-03-14T14:43:39, 5.4255195, 95.6382680, 667.3
2021-03-14T14:43:40, 5.4255056, 95.6382750, 667.3
2021-03-14T14:43:41, 5.4254913, 95.6382750, 667.0
2021-03-14T14:43:42, 5.4254770, 95.6382750, 666.9
2021-03-14T14:43:43, 5.4254618, 95.6382750, 666.6
2021-03-14T14:43:44, 5.4254498, 95.6382830, 667.0
2021-03-14T14:43:45, 5.4254384, 95.6382830, 667.2
2021-03-14T14:43:46, 5.4254274, 95.6382830, 667.1
2021-03-14T14:43:47, 5.4254146, 95.6382830, 667.1
2021-03-14T14:43:48, 5.4254007, 95.6382830, 667.4
2021-03-14T14:43:49, 5.4253888, 95.6382830, 667.4
2021-03-14T14:43:50, 5.4253755, 95.6382830, 667.5
2021-03-14T14:43:51, 5.4253640, 95.6382830, 667.4
2021-03-14T14:43:52, 5.4253526, 95.6382830, 667.1
2021-03-14T14:43:53, 5.4253407, 95.6382830, 667.0
2021-03-14T14:43:54, 5.4253311, 95.6382830, 666.9
2021-03-14T14:43:55, 5.4253225, 95.6382830, 666.4
2021-03-14T14:43:56, 5.4253159, 95.6382830, 666.0
2021-03-14T14:43:57, 5.4253116, 95.6382830, 665.9
2021-03-14T14:43:58, 5.4253049, 95.6382830, 665.2
2021-03-14T14:43:59, 5.4252987, 95.6382830, 664.8
2021-03-14T14:44:00, 5.4252911, 95.6382830, 664.5
2021-03-14T14:44:01, 5.4252863, 95.6382830, 663.9
2021-03-14T14:44:02, 5.4252791, 95.6382830, 663.4
2021-03-14T14:44:03, 5.4252706, 95.6382830, 663.6
2021-03-14T14:44:04, 5.4252553, 95.6382900, 663.1
2021-03-14T14:44:05, 5.4252391, 95.6382900, 663.1
2021-03-14T14:44:06, 5.4252267, 95.6382900, 663.3
2021-03-14T14:44:07, 5.4252114, 95.6382980, 663.2
2021-03-14T14:44:09, 5.4251819, 95.6382900, 663.8
2021-03-14T14:44:10, 5.4251690, 95.6382900, 663.7
2021-03-14T14:44:11, 5.4251552, 95.6382900, 663.6
2021-03-14T14:44:12, 5.4251409, 95.6382900, 663.2
2021-03-14T14:44:13, 5.4251299, 95.6382830, 662.8
2021-03-14T14:44:14, 5.4251175, 95.6382830, 661.9
2021-03-14T14:44:15, 5.4251056, 95.6382830, 661.3
2021-03-14T14:44:16, 5.4250946, 95.6382750, 661.0
2021-03-14T14:44:17, 5.4250851, 95.6382680, 660.8
2021-03-14T14:44:18, 5.4250751, 95.6382600, 660.6
2021-03-14T14:44:19, 5.4250674, 95.6382450, 660.6
2021-03-14T14:44:20, 5.4250588, 95.6382450, 660.6
2021-03-14T14:44:21, 5.4250526, 95.6382370, 660.7
2021-03-14T14:44:22, 5.4250488, 95.6382220, 661.0
2021-03-14T14:44:23, 5.4250503, 95.6382140, 661.1
2021-03-14T14:44:24, 5.4250498, 95.6382060, 661.1
2021-03-14T14:44:25, 5.4250431, 95.6381910, 660.7
2021-03-14T14:44:26, 5.4250345, 95.6381760, 660.9
2021-03-14T14:44:27, 5.4250326, 95.6381680, 662.9
2021-03-14T14:44:28, 5.4250298, 95.6381530, 663.4
2021-03-14T14:44:29, 5.4250283, 95.6381380, 662.8
2021-03-14T14:44:30, 5.4250264, 95.6381230, 661.9
2021-03-14T14:44:31, 5.4250231, 95.6381230, 662.4
2021-03-14T14:44:32, 5.4250202, 95.6381070, 662.5
2021-03-14T14:44:33, 5.4250178, 95.6381000, 663.3
2021-03-14T14:44:34, 5.4250112, 95.6380920, 662.5
2021-03-14T14:44:35, 5.4250026, 95.6380840, 662.9
2021-03-14T14:44:36, 5.4249930, 95.6380840, 663.2
2021-03-14T14:44:37, 5.4249854, 95.6380690, 663.9
2021-03-14T14:44:38, 5.4249730, 95.6380620, 664.0
2021-03-14T14:44:39, 5.4249616, 95.6380540, 665.9
2021-03-14T14:44:40, 5.4249535, 95.6380460, 665.7
2021-03-14T14:44:41, 5.4249434, 95.6380390, 665.4
2021-03-14T14:44:42, 5.4249315, 95.6380310, 664.9
2021-03-14T14:44:43, 5.4249196, 95.6380230, 665.1
2021-03-14T14:44:44, 5.4249086, 95.6380230, 665.0
2021-03-14T14:44:45, 5.4249010, 95.6380160, 665.1
2021-03-14T14:44:46, 5.4248929, 95.6380160, 665.3
2021-03-14T14:44:48, 5.4248710, 95.6380080, 663.4
2021-03-14T14:44:49, 5.4248600, 95.6380080, 662.3
2021-03-14T14:44:50, 5.4248495, 95.6380000, 661.7
2021-03-14T14:44:51, 5.4248419, 95.6379930, 661.1
2021-03-14T14:44:52, 5.4248333, 95.6379850, 659.9
2021-03-14T14:44:53, 5.4248228, 95.6379780, 659.4
2021-03-14T14:44:54, 5.4248147, 95.6379780, 658.9
2021-03-14T14:44:55, 5.4248028, 95.6379700, 658.7
2021-03-14T14:44:56, 5.4247880, 95.6379620, 658.7
2021-03-14T14:44:57, 5.4247746, 95.6379620, 658.5
2021-03-14T14:44:58, 5.4247632, 95.6379620, 658.4
2021-03-14T14:44:59, 5.4247518, 95.6379550, 657.4
2021-03-14T14:45:00, 5.4247446, 95.6379550, 658.0
2021-03-14T14:45:01, 5.4247322, 95.6379390, 658.2
2021-03-14T14:45:02, 5.4247155, 95.6379390, 657.2
2021-03-14T14:45:03, 5.4247026, 95.6379390, 657.3
2021-03-14T14:45:04, 5.4246855, 95.6379390, 655.0
2021-03-14T14:45:05, 5.4246707, 95.6379320, 654.0
2021-03-14T14:45:06, 5.4246559, 95.6379320, 653.3
2021-03-14T14:45:07, 5.4246416, 95.6379320, 653.3
2021-03-14T14:45:08, 5.4246283, 95.6379320, 653.3
2021-03-14T14:45:09, 5.4246140, 95.6379320, 653.6
2021-03-14T14:45:10, 5.4246011, 95.6379320, 653.7
2021-03-14T14:45:11, 5.4245868, 95.6379320, 653.3
2021-03-14T14:45:12, 5.4245763, 95.6379240, 653.5
2021-03-14T14:45:13, 5.4245658, 95.6379240, 653.4
2021-03-14T14:45:14, 5.4245520, 95.6379240, 653.0
2021-03-14T14:45:15, 5.4245439, 95.6379240, 652.9
2021-03-14T14:45:16, 5.4245343, 95.6379240, 652.2
2021-03-14T14:45:17, 5.4245253, 95.6379240, 653.2
2021-03-14T14:45:18, 5.4245176, 95.6379240, 652.9
2021-03-14T14:45:19, 5.4245076, 95.6379240, 653.0
2021-03-14T14:45:20, 5.4245024, 95.6379170, 653.4
2021-03-14T14:45:21, 5.4244952, 95.6379090, 653.8
2021-03-14T14:45:22, 5.4244909, 95.6379010, 654.6
2021-03-14T14:45:23, 5.4244852, 95.6378940, 653.5
2021-03-14T14:45:24, 5.4244776, 95.6378860, 652.9
2021-03-14T14:45:25, 5.4244695, 95.6378860, 651.7
2021-03-14T14:45:27, 5.4244571, 95.6378780, 651.8
2021-03-14T14:45:28, 5.4244490, 95.6378630, 651.8
2021-03-14T14:45:29, 5.4244418, 95.6378560, 651.9
2021-03-14T14:45:30, 5.4244347, 95.6378480, 651.7
2021-03-14T14:45:31, 5.4244289, 95.6378400, 651.2
2021-03-14T14:45:32, 5.4244256, 95.6378250, 651.6
2021-03-14T14:45:33, 5.4244213, 95.6378170, 651.9
2021-03-14T14:45:34, 5.4244094, 95.6378100, 652.1
2021-03-14T14:45:35, 5.4244022, 95.6378020, 652.0
2021-03-14T14:45:36, 5.4243951, 95.6377940, 652.0
2021-03-14T14:45:37, 5.4243951, 95.6377870, 651.9
2021-03-14T14:45:38, 5.4243913, 95.6377720, 651.8
2021-03-14T14:45:39, 5.4243879, 95.6377640, 652.2
2021-03-14T14:45:40, 5.4243903, 95.6377560, 652.8
2021-03-14T14:45:41, 5.4243879, 95.6377410, 652.8
2021-03-14T14:45:42, 5.4243894, 95.6377260, 653.0
2021-03-14T14:45:43, 5.4243917, 95.6377180, 652.8
2021-03-14T14:45:44, 5.4243937, 95.6377110, 652.1
2021-03-14T14:45:45, 5.4243984, 95.6377030, 652.3
2021-03-14T14:45:46, 5.4244022, 95.6376880, 652.1
2021-03-14T14:45:47, 5.4244032, 95.6376800, 651.8
2021-03-14T14:45:48, 5.4244037, 95.6376650, 651.7
2021-03-14T14:45:49, 5.4244061, 95.6376570, 652.0
2021-03-14T14:45:50, 5.4244084, 95.6376500, 652.5
2021-03-14T14:45:51, 5.4244103, 95.6376340, 653.1
2021-03-14T14:45:52, 5.4244118, 95.6376270, 653.1
2021-03-14T14:45:53, 5.4244146, 95.6376110, 652.9
2021-03-14T14:45:54, 5.4244175, 95.6376040, 653.1
2021-03-14T14:45:55, 5.4244199, 95.6375890, 653.1
2021-03-14T14:45:56, 5.4244242, 95.6375810, 653.2
2021-03-14T14:45:57, 5.4244270, 95.6375660, 653.3
2021-03-14T14:45:58, 5.4244289, 95.6375580, 653.7
2021-03-14T14:45:59, 5.4244323, 95.6375500, 653.8
2021-03-14T14:46:00, 5.4244351, 95.6375430, 654.3
2021-03-14T14:46:01, 5.4244394, 95.6375270, 654.1
2021-03-14T14:46:02, 5.4244452, 95.6375200, 654.3
2021-03-14T14:46:03, 5.4244494, 95.6375050, 654.8
2021-03-14T14:46:04, 5.4244537, 95.6374970, 654.6
2021-03-14T14:46:06, 5.4244609, 95.6374740, 654.1
2021-03-14T14:46:07, 5.4244633, 95.6374660, 654.4
2021-03-14T14:46:08, 5.4244666, 95.6374510, 654.2
2021-03-14T14:46:09, 5.4244695, 95.6374440, 653.8
2021-03-14T14:46:10, 5.4244733, 95.6374280, 653.6
2021-03-14T14:46:11, 5.4244776, 95.6374130, 653.7
2021-03-14T14:46:12, 5.4244809, 95.6374050, 653.4
2021-03-14T14:46:13, 5.4244838, 95.6373980, 653.0
2021-03-14T14:46:14, 5.4244857, 95.6373750, 653.0
2021-03-14T14:46:15, 5.4244890, 95.6373670, 653.0
2021-03-14T14:46:16, 5.4244924, 95.6373520, 653.4
2021-03-14T14:46:17, 5.4244938, 95.6373370, 653.5
2021-03-14T14:46:18, 5.4244952, 95.6373290, 653.4
2021-03-14T14:46:19, 5.4244967, 95.6373140, 652.9
2021-03-14T14:46:20, 5.4244967, 95.6372990, 653.1
2021-03-14T14:46:21, 5.4244962, 95.6372910, 652.9
2021-03-14T14:46:22, 5.4244909, 95.6372760, 653.0
2021-03-14T14:46:23, 5.4244833, 95.6372600, 653.2
2021-03-14T14:46:24, 5.4244766, 95.6372530, 652.9
2021-03-14T14:46:25, 5.4244695, 95.6372380, 652.0
2021-03-14T14:46:26, 5.4244633, 95.6372300, 651.5
2021-03-14T14:46:27, 5.4244552, 95.6372150, 651.3
2021-03-14T14:46:28, 5.4244480, 95.6372070, 651.6
2021-03-14T14:46:29, 5.4244442, 95.6372070, 651.6
2021-03-14T14:46:30, 5.4244399, 95.6371990, 650.6
2021-03-14T14:46:31, 5.4244370, 95.6371920, 650.7
2021-03-14T14:46:32, 5.4244347, 95.6371840, 651.2
2021-03-14T14:46:33, 5.4244337, 95.6371770, 651.0
2021-03-14T14:46:34, 5.4244323, 95.6371690, 651.1
2021-03-14T14:46:35, 5.4244275, 95.6371690, 651.3
2021-03-14T14:46:36, 5.4244242, 95.6371540, 650.7
2021-03-14T14:46:37, 5.4244151, 95.6371540, 650.1
2021-03-14T14:46:38, 5.4244080, 95.6371460, 649.6
2021-03-14T14:46:39, 5.4244032, 95.6371460, 650.1
2021-03-14T14:46:40, 5.4243989, 95.6371380, 649.8
2021-03-14T14:46:41, 5.4243884, 95.6371380, 650.2
2021-03-14T14:46:42, 5.4243808, 95.6371310, 650.3
2021-03-14T14:46:43, 5.4243722, 95.6371310, 650.0
2021-03-14T14:46:44, 5.4243588, 95.6371310, 649.6
2021-03-14T14:46:46, 5.4243383, 95.6371310, 648.7
2021-03-14T14:46:47, 5.4243279, 95.6371310, 648.2
2021-03-14T14:46:48, 5.4243217, 95.6371310, 648.0
2021-03-14T14:46:49, 5.4243116, 95.6371310, 647.1
2021-03-14T14:46:50, 5.4242978, 95.6371310, 646.5
2021-03-14T14:46:51, 5.4242878, 95.6371310, 646.7
2021-03-14T14:46:52, 5.4242811, 95.6371230, 646.3
2021-03-14T14:46:53, 5.4242744, 95.6371230, 645.9
2021-03-14T14:46:54, 5.4242663, 95.6371150, 645.4
2021-03-14T14:46:55, 5.4242563, 95.6371080, 644.9
2021-03-14T14:46:56, 5.4242482, 95.6371080, 644.4
2021-03-14T14:46:57, 5.4242406, 95.6371000, 644.6
2021-03-14T14:46:58, 5.4242258, 95.6371000, 644.3
2021-03-14T14:46:59, 5.4242210, 95.6371000, 643.5
2021-03-14T14:47:00, 5.4242187, 95.6371000, 643.9
2021-03-14T14:47:01, 5.4242167, 95.6371000, 644.0
2021-03-14T14:47:02, 5.4242096, 95.6371000, 644.1
2021-03-14T14:47:03, 5.4242086, 95.6371000, 644.6
2021-03-14T14:47:04, 5.4242086, 95.6371080, 644.9
2021-03-14T14:47:05, 5.4242067, 95.6371080, 645.0
2021-03-14T14:47:06, 5.4242063, 95.6371080, 645.0
2021-03-14T14:47:07, 5.4242053, 95.6371080, 645.0
2021-03-14T14:47:08, 5.4242039, 95.6371080, 644.9
2021-03-14T14:47:09, 5.4242029, 95.6371080, 645.1
2021-03-14T14:47:10, 5.4242010, 95.6371080, 645.4
2021-03-14T14:47:11, 5.4241991, 95.6371080, 645.7
2021-03-14T14:47:12, 5.4241972, 95.6371150, 645.7
2021-03-14T14:47:13, 5.4241962, 95.6371150, 645.6
2021-03-14T14:47:14, 5.4241962, 95.6371150, 645.7
2021-03-14T14:47:15, 5.4241962, 95.6371150, 646.2
2021-03-14T14:47:16, 5.4241962, 95.6371150, 646.2
2021-03-14T14:47:17, 5.4241967, 95.6371150, 646.2
2021-03-14T14:47:18, 5.4241972, 95.6371150, 646.4
2021-03-14T14:47:19, 5.4241982, 95.6371150, 646.7
2021-03-14T14:47:20, 5.4241986, 95.6371150, 646.9
2021-03-14T14:47:21, 5.4241991, 95.6371150, 647.1
2021-03-14T14:47:22, 5.4241986, 95.6371150, 647.3
2021-03-14T14:47:24, 5.4241972, 95.6371150, 647.4
2021-03-14T14:47:25, 5.4241972, 95.6371150, 647.4
2021-03-14T14:47:26, 5.4241972, 95.6371080, 647.5
2021-03-14T14:47:27, 5.4241962, 95.6371080, 645.8
2021-03-14T14:47:28, 5.4241962, 95.6371080, 646.4
2021-03-14T14:47:29, 5.4241962, 95.6371000, 646.3
2021-03-14T14:47:30, 5.4241962, 95.6371000, 647.2
2021-03-14T14:47:31, 5.4241920, 95.6371000, 647.3
2021-03-14T14:47:32, 5.4241867, 95.6371000, 647.9
2021-03-14T14:47:33, 5.4241838, 95.6371080, 647.2
2021-03-14T14:47:34, 5.4241834, 95.6371080, 647.0
2021-03-14T14:47:35, 5.4241800, 95.6371080, 647.2
2021-03-14T14:47:36, 5.4241791, 95.6371080, 647.6
2021-03-14T14:47:37, 5.4241791, 95.6371080, 647.7
2021-03-14T14:47:38, 5.4241800, 95.6371080, 648.2
2021-03-14T14:47:39, 5.4241824, 95.6371080, 648.1
2021-03-14T14:47:40, 5.4241829, 95.6371150, 647.4
2021-03-14T14:47:41, 5.4241767, 95.6371150, 646.4
2021-03-14T14:47:42, 5.4241729, 95.6371080, 646.1
2021-03-14T14:47:43, 5.4241667, 95.6371080, 645.7
2021-03-14T14:47:44, 5.4241614, 95.6371080, 645.5
2021-03-14T14:47:45, 5.4241567, 95.6371080, 644.9
2021-03-14T14:47:46, 5.4241476, 95.6371080, 644.2
2021-03-14T14:47:47, 5.4241343, 95.6371080, 644.1
2021-03-14T14:47:48, 5.4241209, 95.6371080, 644.4
2021-03-14T14:47:49, 5.4241095, 95.6371000, 644.6
2021-03-14T14:47:50, 5.4240994, 95.6371000, 644.0
2021-03-14T14:47:51, 5.4240909, 95.6371000, 644.0
2021-03-14T14:47:52, 5.4240808, 95.6370930, 643.8
2021-03-14T14:47:53, 5.4240732, 95.6370930, 644.5
2021-03-14T14:47:54, 5.4240642, 95.6370930, 644.6
2021-03-14T14:47:55, 5.4240522, 95.6370930, 644.6
2021-03-14T14:47:56, 5.4240408, 95.6370930, 644.4
2021-03-14T14:47:57, 5.4240327, 95.6370850, 644.0
2021-03-14T14:47:58, 5.4240241, 95.6370850, 643.3
2021-03-14T14:47:59, 5.4240127, 95.6370850, 643.6
2021-03-14T14:48:00, 5.4240041, 95.6370770, 643.5
2021-03-14T14:48:01, 5.4239936, 95.6370850, 642.5
2021-03-14T14:48:02, 5.4239817, 95.6370850, 642.6
2021-03-14T14:48:04, 5.4239593, 95.6370850, 642.6
2021-03-14T14:48:05, 5.4239497, 95.6370850, 642.1
2021-03-14T14:48:06, 5.4239407, 95.6370850, 642.0
2021-03-14T14:48:07, 5.4239306, 95.6370850, 641.4
2021-03-14T14:48:08, 5.4239225, 95.6370850, 640.7
2021-03-14T14:48:09, 5.4239116, 95.6370850, 640.2
2021-03-14T14:48:10, 5.4239001, 95.6370850, 640.0
2021-03-14T14:48:11, 5.4238896, 95.6370850, 640.3
2021-03-14T14:48:12, 5.4238811, 95.6370850, 640.1
2021-03-14T14:48:13, 5.4238715, 95.6370770, 639.4
2021-03-14T14:48:14, 5.4238625, 95.6370770, 638.3
2021-03-14T14:48:15, 5.4238515, 95.6370770, 637.7
2021-03-14T14:48:16, 5.4238429, 95.6370700, 637.5
2021-03-14T14:48:17, 5.4238353, 95.6370700, 637.0
2021-03-14T14:48:18, 5.4238257, 95.6370700, 636.7
2021-03-14T14:48:19, 5.4238157, 95.6370700, 636.4
2021-03-14T14:48:20, 5.4238057, 95.6370700, 636.2
2021-03-14T14:48:21, 5.4237938, 95.6370700, 635.9
2021-03-14T14:48:22, 5.4237833, 95.6370700, 636.1
2021-03-14T14:48:23, 5.4237776, 95.6370700, 636.5
2021-03-14T14:48:24, 5.4237728, 95.6370700, 636.6
2021-03-14T14:48:25, 5.4237671, 95.6370770, 636.9
2021-03-14T14:48:26, 5.4237618, 95.6370770, 638.7
2021-03-14T14:48:27, 5.4237542, 95.6370770, 638.1
2021-03-14T14:48:28, 5.4237480, 95.6370770, 638.8
2021-03-14T14:48:29, 5.4237428, 95.6370850, 639.4
2021-03-14T14:48:30, 5.4237370, 95.6370850, 639.6
2021-03-14T14:48:31, 5.4237332, 95.6370770, 639.6
2021-03-14T14:48:32, 5.4237247, 95.6370770, 639.6
2021-03-14T14:48:33, 5.4237146, 95.6370770, 639.5
2021-03-14T14:48:34, 5.4237022, 95.6370700, 638.5
2021-03-14T14:48:35, 5.4236922, 95.6370700, 638.3
2021-03-14T14:48:36, 5.4236817, 95.6370700, 637.6
2021-03-14T14:48:37, 5.4236751, 95.6370620, 637.6
2021-03-14T14:48:38, 5.4236665, 95.6370620, 636.5
2021-03-14T14:48:39, 5.4236579, 95.6370620, 636.1
2021-03-14T14:48:40, 5.4236493, 95.6370620, 635.9
2021-03-14T14:48:41, 5.4236407, 95.6370620, 635.6
2021-03-14T14:48:42, 5.4236369, 95.6370540, 636.0
2021-03-14T14:48:44, 5.4236274, 95.6370470, 636.3
2021-03-14T14:48:45, 5.4236207, 95.6370390, 636.4
2021-03-14T14:48:46, 5.4236097, 95.6370320, 636.7
2021-03-14T14:48:47, 5.4235973, 95.6370320, 636.5
2021-03-14T14:48:48, 5.4235854, 95.6370320, 636.4
2021-03-14T14:48:49, 5.4235759, 95.6370240, 636.0
2021-03-14T14:48:50, 5.4235649, 95.6370240, 635.7
2021-03-14T14:48:51, 5.4235544, 95.6370160, 635.7
2021-03-14T14:48:52, 5.4235492, 95.6370160, 635.4
2021-03-14T14:48:53, 5.4235411, 95.6370090, 634.5
2021-03-14T14:48:54, 5.4235330, 95.6370090, 634.0
2021-03-14T14:48:55, 5.4235244, 95.6370090, 633.7
2021-03-14T14:48:56, 5.4235163, 95.6370090, 633.9
2021-03-14T14:48:57, 5.4235048, 95.6370090, 633.5
2021-03-14T14:48:58, 5.4234958, 95.6370090, 633.4
2021-03-14T14:48:59, 5.4234891, 95.6370090, 633.3
2021-03-14T14:49:00, 5.4234824, 95.6370090, 633.0
2021-03-14T14:49:01, 5.4234715, 95.6370090, 632.8
2021-03-14T14:49:02, 5.4234614, 95.6370090, 633.1
2021-03-14T14:49:03, 5.4234543, 95.6370090, 632.9
2021-03-14T14:49:04, 5.4234505, 95.6370090, 632.8
2021-03-14T14:49:05, 5.4234443, 95.6370090, 632.6
2021-03-14T14:49:06, 5.4234390, 95.6370090, 632.6
2021-03-14T14:49:07, 5.4234290, 95.6370090, 632.5
2021-03-14T14:49:08, 5.4234214, 95.6370090, 632.6
2021-03-14T14:49:09, 5.4234180, 95.6370090, 632.0
2021-03-14T14:49:10, 5.4234090, 95.6370090, 631.2
2021-03-14T14:49:11, 5.4233971, 95.6370090, 631.3
2021-03-14T14:49:12, 5.4233871, 95.6370090, 631.3
2021-03-14T14:49:13, 5.4233770, 95.6370090, 631.5
2021-03-14T14:49:14, 5.4233675, 95.6370090, 631.6
2021-03-14T14:49:15, 5.4233618, 95.6370090, 631.9
2021-03-14T14:49:16, 5.4233546, 95.6370090, 631.8
2021-03-14T14:49:17, 5.4233475, 95.6370090, 631.5
2021-03-14T14:49:18, 5.4233427, 95.6370090, 631.9
2021-03-14T14:49:19, 5.4233322, 95.6370090, 631.4
2021-03-14T14:49:20, 5.4233241, 95.6370090, 631.8
2021-03-14T14:49:22, 5.4233098, 95.6370090, 631.8
2021-03-14T14:49:23, 5.4232988, 95.6370090, 631.9
2021-03-14T14:49:24, 5.4232917, 95.6370090, 632.4
2021-03-14T14:49:25, 5.4232845, 95.6370090, 632.5
2021-03-14T14:49:26, 5.4232798, 95.6370090, 632.7
2021-03-14T14:49:27, 5.4232755, 95.6370090, 632.9
2021-03-14T14:49:28, 5.4232688, 95.6370090, 633.6
2021-03-14T14:49:29, 5.4232655, 95.6370160, 633.7
2021-03-14T14:49:30, 5.4232559, 95.6370240, 633.4
2021-03-14T14:49:31, 5.4232502, 95.6370240, 634.5
2021-03-14T14:49:32, 5.4232435, 95.6370240, 634.4
2021-03-14T14:49:33, 5.4232378, 95.6370240, 634.5
2021-03-14T14:49:34, 5.4232297, 95.6370240, 634.2
2021-03-14T14:49:35, 5.4232225, 95.6370240, 634.1
2021-03-14T14:49:36, 5.4232163, 95.6370160, 633.8
2021-03-14T14:49:37, 5.4232111, 95.6370160, 633.4
2021-03-14T14:49:38, 5.4232044, 95.6370160, 633.7
2021-03-14T14:49:39, 5.4232001, 95.6370160, 634.0
2021-03-14T14:49:40, 5.4231935, 95.6370160, 633.7
2021-03-14T14:49:41, 5.4231849, 95.6370160, 633.6
2021-03-14T14:49:42, 5.4231768, 95.6370160, 633.1
2021-03-14T14:49:43, 5.4231677, 95.6370160, 632.6
2021-03-14T14:49:44, 5.4231610, 95.6370090, 633.1
2021-03-14T14:49:45, 5.4231553, 95.6370090, 633.2
2021-03-14T14:49:46, 5.4231501, 95.6370090, 633.2
2021-03-14T14:49:47, 5.4231458, 95.6370160, 633.5
2021-03-14T14:49:48, 5.4231439, 95.6370160, 634.1
2021-03-14T14:49:49, 5.4231362, 95.6370090, 634.1
2021-03-14T14:49:50, 5.4231315, 95.6370090, 634.1
2021-03-14T14:49:51, 5.4231272, 95.6370090, 634.4
2021-03-14T14:49:52, 5.4231267, 95.6370090, 634.7
2021-03-14T14:49:53, 5.4231257, 95.6370090, 634.6
2021-03-14T14:49:54, 5.4231248, 95.6370090, 634.4
2021-03-14T14:49:55, 5.4231243, 95.6370090, 634.2
2021-03-14T14:49:56, 5.4231238, 95.6370090, 634.4
2021-03-14T14:49:57, 5.4231215, 95.6370090, 634.2
2021-03-14T14:49:58, 5.4231215, 95.6370090, 634.4
2021-03-14T14:50:00, 5.4231215, 95.6370160, 634.9
2021-03-14T14:50:01, 5.4231129, 95.6370090, 634.1
2021-03-14T14:50:02, 5.4231057, 95.6370090, 633.8
2021-03-14T14:50:03, 5.4230995, 95.6370090, 633.1
2021-03-14T14:50:04, 5.4230928, 95.6370090, 633.0
2021-03-14T14:50:05, 5.4230876, 95.6370090, 633.5
2021-03-14T14:50:06, 5.4230766, 95.6370090, 632.5
2021-03-14T14:50:07, 5.4230695, 95.6370090, 632.9
2021-03-14T14:50:08, 5.4230618, 95.6370090, 632.5
2021-03-14T14:50:09, 5.4230523, 95.6370090, 631.6
2021-03-14T14:50:10, 5.4230452, 95.6370090, 631.2
2021-03-14T14:50:11, 5.4230371, 95.6370090, 630.6
2021-03-14T14:50:12, 5.4230232, 95.6370090, 629.3
2021-03-14T14:50:13, 5.4230146, 95.6370090, 629.5
2021-03-14T14:50:14, 5.4230037, 95.6370090, 628.3
2021-03-14T14:50:15, 5.4229922, 95.6370090, 628.2
2021-03-14T14:50:16, 5.4229798, 95.6370160, 627.8
2021-03-14T14:50:17, 5.4229674, 95.6370160, 627.3
2021-03-14T14:50:18, 5.4229527, 95.6370240, 627.1
2021-03-14T14:50:19, 5.4229417, 95.6370320, 627.8
2021-03-14T14:50:20, 5.4229288, 95.6370320, 627.3
2021-03-14T14:50:21, 5.4229164, 95.6370320, 627.3
2021-03-14T14:50:22, 5.4229074, 95.6370320, 627.3
2021-03-14T14:50:23, 5.4228992, 95.6370320, 627.0
2021-03-14T14:50:24, 5.4228878, 95.6370240, 626.1
2021-03-14T14:50:25, 5.4228764, 95.6370240, 626.3
2021-03-14T14:50:26, 5.4228649, 95.6370240, 626.3
2021-03-14T14:50:27, 5.4228544, 95.6370240, 626.3
2021-03-14T14:50:28, 5.4228435, 95.6370240, 625.8
2021-03-14T14:50:29, 5.4228320, 95.6370320, 626.1
2021-03-14T14:50:30, 5.4228225, 95.6370320, 626.0
2021-03-14T14:50:31, 5.4228153, 95.6370240, 625.6
2021-03-14T14:50:32, 5.4228053, 95.6370320, 625.5
2021-03-14T14:50:33, 5.4227953, 95.6370320, 625.4
2021-03-14T14:50:34, 5.4227839, 95.6370240, 625.3
2021-03-14T14:50:35, 5.4227743, 95.6370240, 624.4
2021-03-14T14:50:36, 5.4227610, 95.6370320, 623.8
2021-03-14T14:50:37, 5.4227495, 95.6370320, 624.1
2021-03-14T14:50:38, 5.4227395, 95.6370320, 623.2
2021-03-14T14:50:40, 5.4227190, 95.6370240, 622.3
2021-03-14T14:50:41, 5.4227061, 95.6370240, 622.4
2021-03-14T14:50:42, 5.4226937, 95.6370320, 622.2
2021-03-14T14:50:43, 5.4226809, 95.6370320, 622.0
2021-03-14T14:50:44, 5.4226689, 95.6370320, 621.8
2021-03-14T14:50:45, 5.4226570, 95.6370320, 621.5
2021-03-14T14:50:46, 5.4226489, 95.6370320, 621.5
2021-03-14T14:50:47, 5.4226422, 95.6370320, 621.0
2021-03-14T14:50:48, 5.4226317, 95.6370320, 620.2
2021-03-14T14:50:49, 5.4226222, 95.6370320, 620.0
2021-03-14T14:50:50, 5.4226112, 95.6370320, 619.6
2021-03-14T14:50:51, 5.4225998, 95.6370320, 619.8
2021-03-14T14:50:52, 5.4225879, 95.6370320, 619.9
2021-03-14T14:50:53, 5.4225788, 95.6370320, 620.3
2021-03-14T14:50:54, 5.4225702, 95.6370320, 620.1
2021-03-14T14:50:55, 5.4225607, 95.6370320, 620.2
2021-03-14T14:50:56, 5.4225507, 95.6370320, 620.3
2021-03-14T14:50:57, 5.4225392, 95.6370390, 620.1
2021-03-14T14:50:58, 5.4225307, 95.6370390, 620.2
2021-03-14T14:50:59, 5.4225225, 95.6370390, 620.0
2021-03-14T14:51:00, 5.4225159, 95.6370390, 620.1
2021-03-14T14:51:01, 5.4225092, 95.6370320, 619.9
2021-03-14T14:51:02, 5.4224968, 95.6370390, 620.0
2021-03-14T14:51:03, 5.4224858, 95.6370390, 620.5
2021-03-14T14:51:04, 5.4224753, 95.6370390, 620.6
2021-03-14T14:51:05, 5.4224663, 95.6370390, 620.6
2021-03-14T14:51:06, 5.4224586, 95.6370390, 620.3
2021-03-14T14:51:07, 5.4224515, 95.6370390, 620.3
2021-03-14T14:51:08, 5.4224448, 95.6370390, 620.2
2021-03-14T14:51:09, 5.4224367, 95.6370390, 620.0
2021-03-14T14:51:10, 5.4224291, 95.6370390, 619.5
2021-03-14T14:51:11, 5.4224205, 95.6370390, 619.2
2021-03-14T14:51:12, 5.4224138, 95.6370470, 619.1
2021-03-14T14:51:13, 5.4224095, 95.6370470, 619.3
2021-03-14T14:51:14, 5.4224081, 95.6370470, 619.6
2021-03-14T14:51:15, 5.4224067, 95.6370470, 620.0
2021-03-14T14:51:16, 5.4224052, 95.6370540, 620.4
2021-03-14T14:51:18, 5.4224057, 95.6370540, 620.7
2021-03-14T14:51:19, 5.4224014, 95.6370540, 620.7
2021-03-14T14:51:20, 5.4223924, 95.6370540, 621.2
2021-03-14T14:51:21, 5.4223824, 95.6370540, 621.2
2021-03-14T14:51:22, 5.4223709, 95.6370540, 621.3
2021-03-14T14:51:23, 5.4223576, 95.6370540, 621.4
2021-03-14T14:51:24, 5.4223514, 95.6370540, 622.0
2021-03-14T14:51:25, 5.4223480, 95.6370540, 622.1
2021-03-14T14:51:26, 5.4223471, 95.6370540, 622.4
2021-03-14T14:51:27, 5.4223452, 95.6370540, 622.5
2021-03-14T14:51:28, 5.4223442, 95.6370540, 622.6
2021-03-14T14:51:29, 5.4223433, 95.6370540, 622.6
2021-03-14T14:51:30, 5.4223404, 95.6370540, 622.8
2021-03-14T14:51:31, 5.4223385, 95.6370540, 622.9
2021-03-14T14:51:32, 5.4223375, 95.6370540, 623.0
2021-03-14T14:51:33, 5.4223356, 95.6370540, 623.1
2021-03-14T14:51:34, 5.4223347, 95.6370540, 623.4
2021-03-14T14:51:35, 5.4223323, 95.6370540, 623.5
2021-03-14T14:51:36, 5.4223299, 95.6370540, 623.8
2021-03-14T14:51:37, 5.4223242, 95.6370540, 623.3
2021-03-14T14:51:38, 5.4223127, 95.6370700, 622.8
2021-03-14T14:51:39, 5.4223032, 95.6370700, 622.9
2021-03-14T14:51:40, 5.4222956, 95.6370700, 622.7
2021-03-14T14:51:41, 5.4222875, 95.6370700, 622.2
2021-03-14T14:51:42, 5.4222841, 95.6370700, 621.2
2021-03-14T14:51:43, 5.4222755, 95.6370700, 621.1
2021-03-14T14:51:44, 5.4222674, 95.6370700, 621.1
2021-03-14T14:51:45, 5.4222579, 95.6370620, 620.4
2021-03-14T14:51:46, 5.4222488, 95.6370620, 619.5
2021-03-14T14:51:47, 5.4222388, 95.6370620, 619.0
2021-03-14T14:51:48, 5.4222288, 95.6370620, 618.2
2021-03-14T14:51:49, 5.4222164, 95.6370620, 617.9
2021-03-14T14:51:50, 5.4222031, 95.6370620, 617.6
2021-03-14T14:51:51, 5.4221931, 95.6370540, 617.6
2021-03-14T14:51:52, 5.4221802, 95.6370540, 617.1
2021-03-14T14:51:53, 5.4221659, 95.6370540, 617.2
2021-03-14T14:51:54, 5.4221539, 95.6370540, 617.5
2021-03-14T14:51:55, 5.4221439, 95.6370540, 617.4
2021-03-14T14:51:56, 5.4221315, 95.6370540, 616.7
2021-03-14T14:51:58, 5.4221072, 95.6370540, 616.4
2021-03-14T14:51:59, 5.4220924, 95.6370540, 616.1
2021-03-14T14:52:00, 5.4220815, 95.6370540, 615.6
2021-03-14T14:52:01, 5.4220691, 95.6370540, 615.1
2021-03-14T14:52:02, 5.4220576, 95.6370540, 614.4
2021-03-14T14:52:03, 5.4220457, 95.6370540, 613.8
2021-03-14T14:52:04, 5.4220347, 95.6370540, 613.3
2021-03-14T14:52:05, 5.4220238, 95.6370540, 613.1
2021-03-14T14:52:06, 5.4220133, 95.6370540, 613.7
2021-03-14T14:52:07, 5.4220033, 95.6370540, 614.2
2021-03-14T14:52:08, 5.4219933, 95.6370540, 614.0
2021-03-14T14:52:09, 5.4219847, 95.6370470, 613.8
2021-03-14T14:52:10, 5.4219732, 95.6370540, 613.3
2021-03-14T14:52:11, 5.4219642, 95.6370540, 613.6
2021-03-14T14:52:12, 5.4219537, 95.6370470, 613.5
2021-03-14T14:52:13, 5.4219465, 95.6370540, 613.4
2021-03-14T14:52:14, 5.4219398, 95.6370540, 612.8
2021-03-14T14:52:15, 5.4219308, 95.6370540, 612.2
2021-03-14T14:52:16, 5.4219227, 95.6370540, 611.9
2021-03-14T14:52:17, 5.4219165, 95.6370620, 611.7
2021-03-14T14:52:18, 5.4219098, 95.6370700, 611.4
2021-03-14T14:52:19, 5.4219007, 95.6370850, 610.7
2021-03-14T14:52:20, 5.4218926, 95.6370930, 611.1
2021-03-14T14:52:21, 5.4218850, 95.6371080, 611.4
2021-03-14T14:52:22, 5.4218750, 95.6371230, 611.7
2021-03-14T14:52:23, 5.4218674, 95.6371310, 611.8
2021-03-14T14:52:24, 5.4218631, 95.6371380, 612.2
2021-03-14T14:52:25, 5.4218578, 95.6371460, 612.2
2021-03-14T14:52:26, 5.4218535, 95.6371610, 612.4
2021-03-14T14:52:27, 5.4218507, 95.6371690, 612.6
2021-03-14T14:52:28, 5.4218473, 95.6371690, 612.6
2021-03-14T14:52:29, 5.4218426, 95.6371770, 612.2
2021-03-14T14:52:30, 5.4218349, 95.6371840, 612.6
2021-03-14T14:52:31, 5.4218287, 95.6371920, 612.4
2021-03-14T14:52:32, 5.4218249, 95.6372070, 612.3
2021-03-14T14:52:33, 5.4218230, 95.6372150, 611.9
2021-03-14T14:52:34, 5.4218235, 95.6372220, 611.5
2021-03-14T14:52:35, 5.4218235, 95.6372300, 611.2
2021-03-14T14:52:36, 5.4218216, 95.6372450, 610.9
2021-03-14T14:52:38, 5.4218163, 95.6372600, 610.3
2021-03-14T14:52:39, 5.4218135, 95.6372680, 610.4
2021-03-14T14:52:40, 5.4218111, 95.6372830, 610.0
2021-03-14T14:52:41, 5.4218082, 95.6372910, 609.6
2021-03-14T14:52:42, 5.4218054, 95.6372990, 609.2
2021-03-14T14:52:43, 5.4218001, 95.6373060, 608.8
2021-03-14T14:52:44, 5.4217982, 95.6373210, 608.4
2021-03-14T14:52:45, 5.4217958, 95.6373290, 607.7
2021-03-14T14:52:46, 5.4217954, 95.6373290, 607.4
2021-03-14T14:52:47, 5.4217930, 95.6373370, 606.7
2021-03-14T14:52:48, 5.4217911, 95.6373520, 606.1
2021-03-14T14:52:49, 5.4217896, 95.6373600, 606.3
2021-03-14T14:52:50, 5.4217830, 95.6373670, 606.3
2021-03-14T14:52:51, 5.4217792, 95.6373830, 607.2
2021-03-14T14:52:52, 5.4217777, 95.6373900, 607.4
2021-03-14T14:52:53, 5.4217772, 95.6373980, 607.8
2021-03-14T14:52:54, 5.4217777, 95.6374050, 607.7
2021-03-14T14:52:55, 5.4217768, 95.6374130, 607.7
2021-03-14T14:52:56, 5.4217758, 95.6374280, 607.3
2021-03-14T14:52:57, 5.4217744, 95.6374440, 607.2
2021-03-14T14:52:58, 5.4217730, 95.6374510, 606.8
2021-03-14T14:52:59, 5.4217706, 95.6374740, 606.6
2021-03-14T14:53:00, 5.4217687, 95.6374890, 607.0
2021-03-14T14:53:01, 5.4217658, 95.6374970, 607.0
2021-03-14T14:53:02, 5.4217639, 95.6375050, 606.9
2021-03-14T14:53:03, 5.4217591, 95.6375200, 606.8
2021-03-14T14:53:04, 5.4217553, 95.6375270, 606.8
2021-03-14T14:53:05, 5.4217529, 95.6375430, 606.6
2021-03-14T14:53:06, 5.4217510, 95.6375580, 606.6
2021-03-14T14:53:07, 5.4217463, 95.6375660, 606.4
2021-03-14T14:53:08, 5.4217415, 95.6375730, 606.2
2021-03-14T14:53:09, 5.4217377, 95.6375890, 605.9
2021-03-14T14:53:10, 5.4217334, 95.6376040, 605.7
2021-03-14T14:53:11, 5.4217296, 95.6376110, 605.5
2021-03-14T14:53:12, 5.4217248, 95.6376190, 605.3
2021-03-14T14:53:13, 5.4217210, 95.6376270, 605.2
2021-03-14T14:53:14, 5.4217167, 95.6376420, 605.0
2021-03-14T14:53:15, 5.4217138, 95.6376500, 605.0
2021-03-14T14:53:17, 5.4217043, 95.6376800, 604.7
2021-03-14T14:53:18, 5.4217005, 95.6376880, 604.3
2021-03-14T14:53:19, 5.4216976, 95.6377110, 604.1
2021-03-14T14:53:20, 5.4216943, 95.6377180, 604.2
2021-03-14T14:53:21, 5.4216890, 95.6377260, 604.2
2021-03-14T14:53:22, 5.4216843, 95.6377410, 603.7
2021-03-14T14:53:23, 5.4216800, 95.6377560, 603.6
2021-03-14T14:53:24, 5.4216800, 95.6377640, 603.6
2021-03-14T14:53:25, 5.4216800, 95.6377790, 603.3
2021-03-14T14:53:26, 5.4216819, 95.6377940, 603.4
2021-03-14T14:53:27, 5.4216805, 95.6378020, 603.4
2021-03-14T14:53:28, 5.4216809, 95.6378100, 603.3
2021-03-14T14:53:29, 5.4216814, 95.6378250, 603.0
2021-03-14T14:53:30, 5.4216800, 95.6378400, 602.9
2021-03-14T14:53:31, 5.4216743, 95.6378480, 602.5
2021-03-14T14:53:32, 5.4216714, 95.6378560, 602.3
2021-03-14T14:53:33, 5.4216666, 95.6378710, 602.0
2021-03-14T14:53:34, 5.4216619, 95.6378780, 601.2
2021-03-14T14:53:35, 5.4216557, 95.6378860, 600.9
2021-03-14T14:53:36, 5.4216509, 95.6379090, 601.2
2021-03-14T14:53:37, 5.4216447, 95.6379240, 601.3
2021-03-14T14:53:38, 5.4216409, 95.6379240, 601.5
2021-03-14T14:53:39, 5.4216337, 95.6379320, 600.5
2021-03-14T14:53:40, 5.4216285, 95.6379470, 600.2
2021-03-14T14:53:41, 5.4216256, 95.6379620, 600.0
2021-03-14T14:53:42, 5.4216204, 95.6379620, 599.5
2021-03-14T14:53:43, 5.4216137, 95.6379780, 599.1
2021-03-14T14:53:44, 5.4216113, 95.6379850, 599.0
2021-03-14T14:53:45, 5.4216070, 95.6380000, 598.1
2021-03-14T14:53:46, 5.4216008, 95.6380000, 597.1
2021-03-14T14:53:47, 5.4215989, 95.6380080, 596.2
2021-03-14T14:53:48, 5.4215965, 95.6380080, 594.6
2021-03-14T14:53:49, 5.4215932, 95.6380160, 593.1
2021-03-14T14:53:50, 5.4215851, 95.6380230, 591.7
2021-03-14T14:53:51, 5.4215746, 95.6380310, 591.2
2021-03-14T14:53:52, 5.4215651, 95.6380310, 590.5
2021-03-14T14:53:53, 5.4215527, 95.6380460, 589.2
2021-03-14T14:53:54, 5.4215426, 95.6380460, 589.0
2021-03-14T14:53:56, 5.4215183, 95.6380540, 588.2
2021-03-14T14:53:57, 5.4215055, 95.6380620, 587.8
2021-03-14T14:53:58, 5.4214945, 95.6380620, 587.8
2021-03-14T14:53:59, 5.4214797, 95.6380690, 587.4
2021-03-14T14:54:00, 5.4214668, 95.6380840, 587.4
2021-03-14T14:54:01, 5.4214563, 95.6380840, 587.3
2021-03-14T14:54:02, 5.4214435, 95.6380840, 586.7
2021-03-14T14:54:03, 5.4214311, 95.6380840, 586.9
2021-03-14T14:54:04, 5.4214153, 95.6380840, 586.5
2021-03-14T14:54:05, 5.4213982, 95.6380840, 586.5
2021-03-14T14:54:06, 5.4213848, 95.6380840, 587.0
2021-03-14T14:54:07, 5.4213696, 95.6380920, 586.9
2021-03-14T14:54:08, 5.4213538, 95.6381000, 587.2
2021-03-14T14:54:09, 5.4213390, 95.6381000, 587.5
2021-03-14T14:54:10, 5.4213247, 95.6381070, 587.8
2021-03-14T14:54:11, 5.4213095, 95.6381150, 587.9
2021-03-14T14:54:12, 5.4212956, 95.6381150, 588.0
2021-03-14T14:54:13, 5.4212828, 95.6381230, 588.3
2021-03-14T14:54:14, 5.4212704, 95.6381230, 588.3
2021-03-14T14:54:15, 5.4212599, 95.6381300, 588.6
2021-03-14T14:54:16, 5.4212523, 95.6381300, 588.9
2021-03-14T14:54:17, 5.4212456, 95.6381380, 589.3
2021-03-14T14:54:18, 5.4212399, 95.6381380, 589.4
2021-03-14T14:54:19, 5.4212341, 95.6381450, 589.3
2021-03-14T14:54:20, 5.4212322, 95.6381450, 590.8
2021-03-14T14:54:21, 5.4212313, 95.6381530, 591.5
2021-03-14T14:54:22, 5.4212289, 95.6381530, 591.5
2021-03-14T14:54:23, 5.4212270, 95.6381610, 592.0
2021-03-14T14:54:24, 5.4212232, 95.6381610, 592.6
2021-03-14T14:54:25, 5.4212227, 95.6381610, 593.5
2021-03-14T14:54:26, 5.4212208, 95.6381610, 593.8
2021-03-14T14:54:27, 5.4212189, 95.6381680, 594.1
2021-03-14T14:54:28, 5.4212165, 95.6381680, 594.6
2021-03-14T14:54:29, 5.4212151, 95.6381760, 595.3
2021-03-14T14:54:30, 5.4212079, 95.6381760, 595.3
2021-03-14T14:54:31, 5.4212050, 95.6381760, 595.4
2021-03-14T14:54:32, 5.4212031, 95.6381760, 595.5
2021-03-14T14:54:33, 5.4212027, 95.6381760, 595.6
2021-03-14T14:54:35, 5.4212017, 95.6381760, 595.6
2021-03-14T14:54:36, 5.4212008, 95.6381760, 595.5
2021-03-14T14:54:37, 5.4211993, 95.6381760, 595.4
2021-03-14T14:54:38, 5.4211984, 95.6381760, 595.4
2021-03-14T14:54:39, 5.4211969, 95.6381840, 595.3
2021-03-14T14:54:40, 5.4211955, 95.6381840, 596.2
2021-03-14T14:54:41, 5.4211955, 95.6381840, 596.6
2021-03-14T14:54:42, 5.4211979, 95.6381840, 596.7
2021-03-14T14:54:43, 5.4211998, 95.6381840, 596.3
2021-03-14T14:54:44, 5.4211993, 95.6381840, 596.1
2021-03-14T14:54:45, 5.4211998, 95.6381840, 596.2
2021-03-14T14:54:46, 5.4212003, 95.6381840, 596.2
2021-03-14T14:54:47, 5.4212003, 95.6381910, 596.3
2021-03-14T14:54:48, 5.4212012, 95.6381910, 596.2
2021-03-14T14:54:49, 5.4212017, 95.6381910, 596.2
2021-03-14T14:54:50, 5.4212027, 95.6381840, 596.1
2021-03-14T14:54:51, 5.4212031, 95.6381840, 596.1
2021-03-14T14:54:52, 5.4212041, 95.6381910, 596.0
2021-03-14T14:54:53, 5.4212050, 95.6381910, 596.0
2021-03-14T14:54:54, 5.4212074, 95.6381910, 596.1
2021-03-14T14:54:55, 5.4212074, 95.6381910, 596.2
2021-03-14T14:54:56, 5.4212074, 95.6381910, 596.3
2021-03-14T14:54:57, 5.4212074, 95.6381910, 597.1
2021-03-14T14:54:58, 5.4212070, 95.6381910, 596.9
2021-03-14T14:54:59, 5.4212065, 95.6381910, 596.7
2021-03-14T14:55:00, 5.4212055, 95.6381910, 596.3
2021-03-14T14:55:01, 5.4212046, 95.6381910, 596.0
2021-03-14T14:55:02, 5.4212036, 95.6381910, 595.9
2021-03-14T14:55:03, 5.4212036, 95.6381910, 595.9
2021-03-14T14:55:04, 5.4212031, 95.6381910, 595.7
2021-03-14T14:55:05, 5.4212031, 95.6381910, 595.6
2021-03-14T14:55:06, 5.4212027, 95.6381910, 595.6
2021-03-14T14:55:07, 5.4212027, 95.6381910, 595.4
2021-03-14T14:55:08, 5.4212022, 95.6381910, 595.4
2021-03-14T14:55:09, 5.4212022, 95.6381910, 595.4
2021-03-14T14:55:10, 5.4212027, 95.6381910, 595.3
2021-03-14T14:55:12, 5.4212027, 95.6381910, 595.2
2021-03-14T14:55:13, 5.4212027, 95.6381910, 595.2
2021-03-14T14:55:14, 5.4212022, 95.6381910, 595.2
2021-03-14T14:55:15, 5.4212017, 95.6381910, 595.3
2021-03-14T14:55:16, 5.4212012, 95.6381910, 595.4
2021-03-14T14:55:17, 5.4212012, 95.6381910, 595.5
2021-03-14T14:55:18, 5.4212017, 95.6381840, 595.5
2021-03-14T14:55:19, 5.4212017, 95.6381840, 595.5
2021-03-14T14:55:20, 5.4212022, 95.6381840, 595.6
2021-03-14T14:55:21, 5.4212017, 95.6381840, 595.6
2021-03-14T14:55:22, 5.4212017, 95.6381840, 595.7
2021-03-14T14:55:23, 5.4212022, 95.6381840, 595.7
2021-03-14T14:55:24, 5.4212027, 95.6381840, 595.6
2021-03-14T14:55:25, 5.4212027, 95.6381840, 595.6
2021-03-14T14:55:26, 5.4212027, 95.6381840, 595.7
