2021-03-12T09:10:44, 5.4125099, 95.6387020, 496.8
2021-03-12T09:10:45, 5.4125094, 95.6387020, 497.0
2021-03-12T09:10:46, 5.4125094, 95.6387020, 496.9
2021-03-12T09:10:47, 5.4125085, 95.6386950, 496.8
2021-03-12T09:10:48, 5.4125094, 95.6386950, 496.6
2021-03-12T09:10:49, 5.4125118, 95.6386950, 496.6
2021-03-12T09:10:50, 5.4125118, 95.6386950, 496.4
2021-03-12T09:10:51, 5.4125147, 95.6386950, 496.2
2021-03-12T09:10:52, 5.4125166, 95.6386950, 496.9
2021-03-12T09:10:53, 5.4125161, 95.6386870, 496.7
2021-03-12T09:10:54, 5.4125161, 95.6386870, 496.7
2021-03-12T09:10:55, 5.4125161, 95.6386870, 496.7
2021-03-12T09:10:56, 5.4125161, 95.6386870, 496.7
2021-03-12T09:10:57, 5.4125152, 95.6386870, 496.9
2021-03-12T09:10:58, 5.4125166, 95.6386870, 497.0
2021-03-12T09:10:59, 5.4125171, 95.6386870, 497.1
2021-03-12T09:11:00, 5.4125175, 95.6386870, 497.0
2021-03-12T09:11:01, 5.4125185, 95.6386870, 496.9
2021-03-12T09:11:02, 5.4125195, 95.6386870, 497.0
2021-03-12T09:11:03, 5.4125195, 95.6386870, 497.0
2021-03-12T09:11:04, 5.4125199, 95.6386870, 497.1
2021-03-12T09:11:05, 5.4125195, 95.6386870, 497.3
2021-03-12T09:11:06, 5.4125190, 95.6386870, 497.5
2021-03-12T09:11:07, 5.4125185, 95.6386870, 497.7
2021-03-12T09:11:08, 5.4125199, 95.6386950, 497.8
2021-03-12T09:11:09, 5.4125209, 95.6386950, 497.9
2021-03-12T09:11:10, 5.4125218, 95.6386950, 498.0
2021-03-12T09:11:12, 5.4125242, 95.6386950, 497.9
2021-03-12T09:11:13, 5.4125266, 95.6386950, 497.9
2021-03-12T09:11:14, 5.4125280, 95.6386950, 498.0
2021-03-12T09:11:15, 5.4125280, 95.6386950, 498.3
2021-03-12T09:11:16, 5.4125280, 95.6386950, 498.5
2021-03-12T09:11:17, 5.4125319, 95.6386950, 498.8
2021-03-12T09:11:18, 5.4125381, 95.6386870, 498.8
2021-03-12T09:11:19, 5.4125466, 95.6386870, 498.6
2021-03-12T09:11:20, 5.4125533, 95.6386870, 498.4
2021-03-12T09:11:21, 5.4125590, 95.6386870, 497.4
2021-03-12T09:11:22, 5.4125652, 95.6386800, 497.6
2021-03-12T09:11:23, 5.4125714, 95.6386800, 498.2
2021-03-12T09:11:24, 5.4125791, 95.6386800, 498.0
2021-03-12T09:11:25, 5.4125843, 95.6386800, 497.9
2021-03-12T09:11:26, 5.4125915, 95.6386720, 497.3
2021-03-12T09:11:27, 5.4126005, 95.6386720, 497.3
2021-03-12T09:11:28, 5.4126072, 95.6386640, 497.4
2021-03-12T09:11:29, 5.4126129, 95.6386640, 497.3
2021-03-12T09:11:30, 5.4126177, 95.6386570, 497.3
2021-03-12T09:11:31, 5.4126215, 95.6386570, 497.3
2021-03-12T09:11:32, 5.4126239, 95.6386570, 497.5
2021-03-12T09:11:33, 5.4126239, 95.6386490, 497.5
2021-03-12T09:11:34, 5.4126239, 95.6386490, 497.6
2021-03-12T09:11:35, 5.4126267, 95.6386410, 497.9
2021-03-12T09:11:36, 5.4126344, 95.6386410, 498.1
2021-03-12T09:11:37, 5.4126425, 95.6386410, 497.8
2021-03-12T09:11:38, 5.4126496, 95.6386410, 497.5
2021-03-12T09:11:39, 5.4126568, 95.6386340, 497.7
2021-03-12T09:11:40, 5.4126625, 95.6386340, 497.9
2021-03-12T09:11:41, 5.4126673, 95.6386180, 497.7
2021-03-12T09:11:42, 5.4126716, 95.6386110, 497.6
2021-03-12T09:11:43, 5.4126759, 95.6386030, 497.4
2021-03-12T09:11:44, 5.4126801, 95.6386030, 497.3
2021-03-12T09:11:45, 5.4126830, 95.6386030, 497.3
2021-03-12T09:11:46, 5.4126883, 95.6385960, 496.9
2021-03-12T09:11:47, 5.4126940, 95.6385960, 496.8
2021-03-12T09:11:48, 5.4127007, 95.6385880, 496.5
2021-03-12T09:11:49, 5.4127064, 95.6385800, 496.8
2021-03-12T09:11:50, 5.4127097, 95.6385730, 496.5
2021-03-12T09:11:51, 5.4127154, 95.6385730, 496.1
2021-03-12T09:11:52, 5.4127207, 95.6385730, 495.7
2021-03-12T09:11:53, 5.4127283, 95.6385650, 495.6
2021-03-12T09:11:55, 5.4127460, 95.6385570, 495.7
2021-03-12T09:11:56, 5.4127550, 95.6385570, 496.0
2021-03-12T09:11:57, 5.4127603, 95.6385570, 496.0
2021-03-12T09:11:58, 5.4127650, 95.6385500, 495.9
2021-03-12T09:11:59, 5.4127712, 95.6385420, 496.0
2021-03-12T09:12:00, 5.4127784, 95.6385420, 496.0
2021-03-12T09:12:01, 5.4127851, 95.6385350, 496.1
2021-03-12T09:12:02, 5.4127927, 95.6385350, 496.2
2021-03-12T09:12:03, 5.4128017, 95.6385350, 496.0
2021-03-12T09:12:04, 5.4128084, 95.6385350, 496.2
2021-03-12T09:12:05, 5.4128141, 95.6385350, 495.7
2021-03-12T09:12:06, 5.4128213, 95.6385350, 495.5
2021-03-12T09:12:07, 5.4128284, 95.6385350, 495.1
2021-03-12T09:12:08, 5.4128351, 95.6385270, 494.6
2021-03-12T09:12:09, 5.4128437, 95.6385190, 494.8
2021-03-12T09:12:10, 5.4128523, 95.6385190, 494.8
2021-03-12T09:12:11, 5.4128623, 95.6385190, 494.7
2021-03-12T09:12:12, 5.4128695, 95.6385190, 495.0
2021-03-12T09:12:13, 5.4128766, 95.6385190, 495.2
2021-03-12T09:12:14, 5.4128838, 95.6385190, 495.6
2021-03-12T09:12:15, 5.4128919, 95.6385120, 495.8
2021-03-12T09:12:16, 5.4128995, 95.6385120, 495.7
2021-03-12T09:12:17, 5.4129038, 95.6385040, 496.2
2021-03-12T09:12:18, 5.4129095, 95.6384960, 496.3
2021-03-12T09:12:19, 5.4129167, 95.6384890, 496.5
2021-03-12T09:12:20, 5.4129243, 95.6384890, 496.7
2021-03-12T09:12:21, 5.4129329, 95.6384810, 496.6
2021-03-12T09:12:22, 5.4129415, 95.6384810, 496.9
2021-03-12T09:12:23, 5.4129491, 95.6384810, 497.2
2021-03-12T09:12:24, 5.4129577, 95.6384810, 497.0
2021-03-12T09:12:25, 5.4129610, 95.6384740, 497.4
2021-03-12T09:12:26, 5.4129705, 95.6384740, 497.6
2021-03-12T09:12:27, 5.4129786, 95.6384660, 497.9
2021-03-12T09:12:28, 5.4129863, 95.6384660, 498.0
2021-03-12T09:12:29, 5.4129944, 95.6384660, 498.3
2021-03-12T09:12:30, 5.4130034, 95.6384580, 498.2
2021-03-12T09:12:31, 5.4130087, 95.6384580, 498.7
2021-03-12T09:12:32, 5.4130154, 95.6384510, 498.2
2021-03-12T09:12:34, 5.4130311, 95.6384510, 497.9
2021-03-12T09:12:35, 5.4130378, 95.6384510, 498.1
2021-03-12T09:12:36, 5.4130445, 95.6384430, 497.8
2021-03-12T09:12:37, 5.4130526, 95.6384430, 497.6
2021-03-12T09:12:38, 5.4130611, 95.6384430, 497.5
2021-03-12T09:12:39, 5.4130683, 95.6384350, 497.6
2021-03-12T09:12:40, 5.4130759, 95.6384350, 497.4
2021-03-12T09:12:41, 5.4130826, 95.6384280, 497.3
2021-03-12T09:12:42, 5.4130893, 95.6384280, 497.0
2021-03-12T09:12:43, 5.4130960, 95.6384200, 497.2
2021-03-12T09:12:44, 5.4131036, 95.6384200, 497.2
2021-03-12T09:12:45, 5.4131103, 95.6384200, 497.4
2021-03-12T09:12:46, 5.4131179, 95.6384120, 497.5
2021-03-12T09:12:47, 5.4131250, 95.6384120, 497.8
2021-03-12T09:12:48, 5.4131346, 95.6384050, 498.0
2021-03-12T09:12:49, 5.4131432, 95.6384050, 498.1
2021-03-12T09:12:50, 5.4131494, 95.6384050, 498.6
2021-03-12T09:12:51, 5.4131560, 95.6384050, 498.9
2021-03-12T09:12:52, 5.4131622, 95.6383970, 499.0
2021-03-12T09:12:53, 5.4131675, 95.6383970, 499.0
2021-03-12T09:12:54, 5.4131737, 95.6383900, 499.0
2021-03-12T09:12:55, 5.4131799, 95.6383900, 499.2
2021-03-12T09:12:56, 5.4131904, 95.6383820, 499.3
2021-03-12T09:12:57, 5.4131975, 95.6383820, 499.8
2021-03-12T09:12:58, 5.4132037, 95.6383740, 500.1
2021-03-12T09:12:59, 5.4132090, 95.6383740, 500.1
2021-03-12T09:13:00, 5.4132133, 95.6383670, 500.7
2021-03-12T09:13:01, 5.4132214, 95.6383590, 500.5
2021-03-12T09:13:02, 5.4132271, 95.6383590, 500.9
2021-03-12T09:13:03, 5.4132342, 95.6383590, 500.9
2021-03-12T09:13:04, 5.4132400, 95.6383590, 501.0
2021-03-12T09:13:05, 5.4132485, 95.6383510, 501.1
2021-03-12T09:13:06, 5.4132552, 95.6383440, 501.2
2021-03-12T09:13:07, 5.4132638, 95.6383440, 501.6
2021-03-12T09:13:08, 5.4132710, 95.6383360, 501.9
2021-03-12T09:13:09, 5.4132776, 95.6383360, 501.8
2021-03-12T09:13:10, 5.4132838, 95.6383290, 501.9
2021-03-12T09:13:11, 5.4132895, 95.6383290, 502.2
2021-03-12T09:13:12, 5.4132938, 95.6383210, 502.4
2021-03-12T09:13:14, 5.4133062, 95.6383210, 501.8
2021-03-12T09:13:15, 5.4133091, 95.6383210, 501.2
2021-03-12T09:13:16, 5.4133129, 95.6383210, 501.7
2021-03-12T09:13:17, 5.4133172, 95.6383130, 501.7
2021-03-12T09:13:18, 5.4133234, 95.6383130, 501.7
2021-03-12T09:13:19, 5.4133310, 95.6383060, 501.5
2021-03-12T09:13:20, 5.4133382, 95.6383060, 501.8
2021-03-12T09:13:21, 5.4133449, 95.6382980, 501.8
2021-03-12T09:13:22, 5.4133530, 95.6382980, 502.0
2021-03-12T09:13:23, 5.4133611, 95.6382980, 502.3
2021-03-12T09:13:24, 5.4133677, 95.6382900, 502.3
2021-03-12T09:13:25, 5.4133735, 95.6382900, 502.8
2021-03-12T09:13:26, 5.4133811, 95.6382900, 503.0
2021-03-12T09:13:27, 5.4133892, 95.6382830, 503.5
2021-03-12T09:13:28, 5.4133949, 95.6382830, 503.5
2021-03-12T09:13:29, 5.4134011, 95.6382830, 503.5
2021-03-12T09:13:30, 5.4134073, 95.6382830, 503.4
2021-03-12T09:13:31, 5.4134164, 95.6382750, 503.3
2021-03-12T09:13:32, 5.4134240, 95.6382750, 503.6
2021-03-12T09:13:33, 5.4134316, 95.6382750, 503.7
2021-03-12T09:13:34, 5.4134393, 95.6382750, 503.6
2021-03-12T09:13:35, 5.4134498, 95.6382680, 503.8
2021-03-12T09:13:36, 5.4134603, 95.6382680, 504.2
2021-03-12T09:13:37, 5.4134688, 95.6382600, 504.7
2021-03-12T09:13:38, 5.4134779, 95.6382520, 505.1
2021-03-12T09:13:39, 5.4134860, 95.6382450, 505.5
2021-03-12T09:13:40, 5.4134936, 95.6382450, 505.6
2021-03-12T09:13:41, 5.4135008, 95.6382450, 505.8
2021-03-12T09:13:42, 5.4135084, 95.6382370, 506.0
2021-03-12T09:13:43, 5.4135170, 95.6382290, 506.2
2021-03-12T09:13:44, 5.4135242, 95.6382290, 506.4
2021-03-12T09:13:45, 5.4135313, 95.6382290, 506.2
2021-03-12T09:13:46, 5.4135370, 95.6382220, 506.2
2021-03-12T09:13:47, 5.4135437, 95.6382220, 506.1
2021-03-12T09:13:48, 5.4135499, 95.6382220, 506.3
2021-03-12T09:13:49, 5.4135590, 95.6382140, 506.4
2021-03-12T09:13:50, 5.4135647, 95.6382140, 506.6
2021-03-12T09:13:51, 5.4135723, 95.6382060, 506.5
2021-03-12T09:13:52, 5.4135799, 95.6382060, 506.9
2021-03-12T09:13:54, 5.4135933, 95.6381990, 507.1
2021-03-12T09:13:55, 5.4135995, 95.6381990, 507.3
2021-03-12T09:13:56, 5.4136043, 95.6381910, 507.2
2021-03-12T09:13:57, 5.4136105, 95.6381840, 507.1
2021-03-12T09:13:58, 5.4136162, 95.6381840, 507.4
2021-03-12T09:13:59, 5.4136224, 95.6381840, 507.2
2021-03-12T09:14:00, 5.4136295, 95.6381760, 507.1
2021-03-12T09:14:01, 5.4136367, 95.6381760, 506.9
2021-03-12T09:14:02, 5.4136434, 95.6381680, 506.9
2021-03-12T09:14:03, 5.4136472, 95.6381680, 506.6
2021-03-12T09:14:04, 5.4136524, 95.6381610, 506.2
2021-03-12T09:14:05, 5.4136600, 95.6381610, 506.3
2021-03-12T09:14:06, 5.4136686, 95.6381610, 506.2
2021-03-12T09:14:07, 5.4136744, 95.6381610, 506.1
2021-03-12T09:14:08, 5.4136796, 95.6381530, 506.2
2021-03-12T09:14:09, 5.4136858, 95.6381450, 506.2
2021-03-12T09:14:10, 5.4136920, 95.6381450, 506.9
2021-03-12T09:14:11, 5.4136963, 95.6381380, 506.8
2021-03-12T09:14:12, 5.4137011, 95.6381300, 506.8
2021-03-12T09:14:13, 5.4137063, 95.6381230, 507.1
2021-03-12T09:14:14, 5.4137111, 95.6381230, 507.2
2021-03-12T09:14:15, 5.4137163, 95.6381230, 507.4
2021-03-12T09:14:16, 5.4137235, 95.6381230, 507.7
2021-03-12T09:14:17, 5.4137287, 95.6381230, 508.3
2021-03-12T09:14:18, 5.4137335, 95.6381150, 508.6
2021-03-12T09:14:19, 5.4137402, 95.6381070, 509.0
2021-03-12T09:14:20, 5.4137464, 95.6381070, 508.7
2021-03-12T09:14:21, 5.4137526, 95.6381000, 508.7
2021-03-12T09:14:22, 5.4137588, 95.6380920, 508.9
2021-03-12T09:14:23, 5.4137650, 95.6380920, 509.1
2021-03-12T09:14:24, 5.4137707, 95.6380840, 509.2
2021-03-12T09:14:25, 5.4137788, 95.6380840, 509.6
2021-03-12T09:14:26, 5.4137864, 95.6380840, 509.8
2021-03-12T09:14:27, 5.4137936, 95.6380840, 510.0
2021-03-12T09:14:28, 5.4138026, 95.6380840, 509.9
2021-03-12T09:14:29, 5.4138088, 95.6380840, 509.9
2021-03-12T09:14:30, 5.4138150, 95.6380770, 509.4
2021-03-12T09:14:31, 5.4138227, 95.6380770, 509.3
2021-03-12T09:14:32, 5.4138312, 95.6380770, 509.5
2021-03-12T09:14:34, 5.4138451, 95.6380690, 510.3
2021-03-12T09:14:35, 5.4138551, 95.6380690, 510.7
2021-03-12T09:14:36, 5.4138646, 95.6380690, 511.2
2021-03-12T09:14:37, 5.4138699, 95.6380690, 511.5
2021-03-12T09:14:38, 5.4138775, 95.6380690, 511.4
2021-03-12T09:14:39, 5.4138842, 95.6380620, 511.8
2021-03-12T09:14:40, 5.4138918, 95.6380540, 512.2
2021-03-12T09:14:41, 5.4138999, 95.6380460, 512.4
2021-03-12T09:14:42, 5.4139056, 95.6380460, 512.7
2021-03-12T09:14:43, 5.4139132, 95.6380460, 513.3
2021-03-12T09:14:44, 5.4139185, 95.6380390, 513.5
2021-03-12T09:14:45, 5.4139256, 95.6380390, 513.5
2021-03-12T09:14:46, 5.4139295, 95.6380310, 513.4
2021-03-12T09:14:47, 5.4139295, 95.6380310, 513.8
2021-03-12T09:14:48, 5.4139290, 95.6380310, 514.2
2021-03-12T09:14:49, 5.4139314, 95.6380310, 514.3
2021-03-12T09:14:50, 5.4139342, 95.6380230, 514.7
2021-03-12T09:14:51, 5.4139371, 95.6380230, 514.9
2021-03-12T09:14:52, 5.4139395, 95.6380230, 514.7
2021-03-12T09:14:53, 5.4139428, 95.6380160, 515.1
2021-03-12T09:14:54, 5.4139495, 95.6380160, 515.1
2021-03-12T09:14:55, 5.4139566, 95.6380160, 514.8
2021-03-12T09:14:56, 5.4139633, 95.6380160, 514.8
2021-03-12T09:14:57, 5.4139719, 95.6380080, 515.0
2021-03-12T09:14:58, 5.4139791, 95.6380080, 515.0
2021-03-12T09:14:59, 5.4139867, 95.6380080, 514.7
2021-03-12T09:15:00, 5.4139953, 95.6380080, 514.6
2021-03-12T09:15:01, 5.4140024, 95.6380080, 514.1
2021-03-12T09:15:02, 5.4140091, 95.6380080, 513.7
2021-03-12T09:15:03, 5.4140153, 95.6380080, 513.7
2021-03-12T09:15:04, 5.4140224, 95.6380000, 513.6
2021-03-12T09:15:05, 5.4140306, 95.6380000, 513.8
2021-03-12T09:15:06, 5.4140368, 95.6379930, 513.8
2021-03-12T09:15:07, 5.4140434, 95.6379850, 513.7
2021-03-12T09:15:08, 5.4140520, 95.6379850, 513.6
2021-03-12T09:15:09, 5.4140611, 95.6379850, 513.5
2021-03-12T09:15:11, 5.4140759, 95.6379700, 513.9
2021-03-12T09:15:12, 5.4140835, 95.6379700, 514.0
2021-03-12T09:15:13, 5.4140906, 95.6379620, 514.0
2021-03-12T09:15:14, 5.4140992, 95.6379620, 514.2
2021-03-12T09:15:15, 5.4141083, 95.6379620, 514.8
2021-03-12T09:15:16, 5.4141164, 95.6379620, 514.9
2021-03-12T09:15:17, 5.4141250, 95.6379620, 515.1
2021-03-12T09:15:18, 5.4141331, 95.6379550, 515.4
2021-03-12T09:15:19, 5.4141412, 95.6379550, 515.3
2021-03-12T09:15:20, 5.4141502, 95.6379470, 515.4
2021-03-12T09:15:21, 5.4141560, 95.6379470, 515.5
2021-03-12T09:15:22, 5.4141607, 95.6379470, 515.4
2021-03-12T09:15:23, 5.4141665, 95.6379390, 515.5
2021-03-12T09:15:24, 5.4141717, 95.6379390, 515.6
2021-03-12T09:15:25, 5.4141793, 95.6379320, 515.7
2021-03-12T09:15:26, 5.4141874, 95.6379320, 515.5
2021-03-12T09:15:27, 5.4141965, 95.6379240, 515.8
2021-03-12T09:15:28, 5.4142065, 95.6379240, 515.7
2021-03-12T09:15:29, 5.4142146, 95.6379240, 515.4
2021-03-12T09:15:30, 5.4142208, 95.6379240, 515.4
2021-03-12T09:15:31, 5.4142270, 95.6379240, 515.3
2021-03-12T09:15:32, 5.4142356, 95.6379240, 514.8
2021-03-12T09:15:33, 5.4142437, 95.6379240, 515.0
2021-03-12T09:15:34, 5.4142499, 95.6379240, 515.0
2021-03-12T09:15:35, 5.4142594, 95.6379240, 514.7
2021-03-12T09:15:36, 5.4142675, 95.6379240, 514.7
2021-03-12T09:15:37, 5.4142785, 95.6379240, 514.7
2021-03-12T09:15:38, 5.4142885, 95.6379170, 514.7
2021-03-12T09:15:39, 5.4142966, 95.6379170, 514.8
2021-03-12T09:15:40, 5.4143047, 95.6379170, 515.1
2021-03-12T09:15:41, 5.4143124, 95.6379170, 515.0
2021-03-12T09:15:42, 5.4143190, 95.6379170, 515.1
2021-03-12T09:15:43, 5.4143238, 95.6379170, 515.2
2021-03-12T09:15:44, 5.4143286, 95.6379090, 515.5
2021-03-12T09:15:45, 5.4143367, 95.6379090, 515.7
2021-03-12T09:15:46, 5.4143438, 95.6379010, 516.1
2021-03-12T09:15:47, 5.4143538, 95.6379010, 515.9
2021-03-12T09:15:48, 5.4143624, 95.6379010, 516.3
2021-03-12T09:15:49, 5.4143715, 95.6378940, 516.5
2021-03-12T09:15:51, 5.4143915, 95.6378860, 516.7
2021-03-12T09:15:52, 5.4144001, 95.6378860, 516.4
2021-03-12T09:15:53, 5.4144073, 95.6378860, 516.1
2021-03-12T09:15:54, 5.4144177, 95.6378780, 516.9
2021-03-12T09:15:55, 5.4144249, 95.6378780, 516.9
2021-03-12T09:15:56, 5.4144320, 95.6378780, 517.0
2021-03-12T09:15:57, 5.4144382, 95.6378780, 516.7
2021-03-12T09:15:58, 5.4144473, 95.6378710, 516.8
2021-03-12T09:15:59, 5.4144559, 95.6378710, 516.9
2021-03-12T09:16:00, 5.4144688, 95.6378630, 517.4
2021-03-12T09:16:01, 5.4144754, 95.6378630, 518.1
2021-03-12T09:16:02, 5.4144831, 95.6378560, 518.2
2021-03-12T09:16:03, 5.4144897, 95.6378560, 518.1
2021-03-12T09:16:04, 5.4145002, 95.6378480, 518.7
2021-03-12T09:16:05, 5.4145079, 95.6378480, 519.0
2021-03-12T09:16:06, 5.4145160, 95.6378480, 519.2
2021-03-12T09:16:07, 5.4145241, 95.6378400, 519.3
2021-03-12T09:16:08, 5.4145260, 95.6378400, 519.5
2021-03-12T09:16:09, 5.4145308, 95.6378400, 518.9
2021-03-12T09:16:10, 5.4145365, 95.6378400, 518.9
2021-03-12T09:16:11, 5.4145427, 95.6378400, 518.6
2021-03-12T09:16:12, 5.4145513, 95.6378400, 518.4
2021-03-12T09:16:13, 5.4145608, 95.6378400, 518.7
2021-03-12T09:16:14, 5.4145694, 95.6378400, 518.7
2021-03-12T09:16:15, 5.4145794, 95.6378330, 518.8
2021-03-12T09:16:16, 5.4145875, 95.6378330, 518.9
2021-03-12T09:16:17, 5.4145961, 95.6378250, 519.1
2021-03-12T09:16:18, 5.4146056, 95.6378250, 519.3
2021-03-12T09:16:19, 5.4146152, 95.6378170, 519.5
2021-03-12T09:16:20, 5.4146237, 95.6378170, 520.1
2021-03-12T09:16:21, 5.4146328, 95.6378100, 520.1
2021-03-12T09:16:22, 5.4146399, 95.6378100, 520.3
2021-03-12T09:16:23, 5.4146476, 95.6378020, 520.2
2021-03-12T09:16:24, 5.4146557, 95.6378020, 520.0
2021-03-12T09:16:25, 5.4146638, 95.6378020, 520.3
2021-03-12T09:16:26, 5.4146681, 95.6377940, 520.7
2021-03-12T09:16:27, 5.4146752, 95.6377940, 520.2
2021-03-12T09:16:28, 5.4146824, 95.6377940, 520.0
2021-03-12T09:16:29, 5.4146914, 95.6377940, 519.9
2021-03-12T09:16:31, 5.4147115, 95.6377940, 520.2
2021-03-12T09:16:32, 5.4147191, 95.6377940, 520.4
2021-03-12T09:16:33, 5.4147282, 95.6377870, 520.7
2021-03-12T09:16:34, 5.4147372, 95.6377870, 521.0
2021-03-12T09:16:35, 5.4147482, 95.6377870, 521.5
2021-03-12T09:16:36, 5.4147568, 95.6377870, 522.6
2021-03-12T09:16:37, 5.4147663, 95.6377790, 522.8
2021-03-12T09:16:38, 5.4147754, 95.6377790, 523.0
2021-03-12T09:16:39, 5.4147840, 95.6377790, 523.1
2021-03-12T09:16:40, 5.4147930, 95.6377720, 523.4
2021-03-12T09:16:41, 5.4147983, 95.6377720, 523.3
2021-03-12T09:16:42, 5.4148064, 95.6377720, 524.0
2021-03-12T09:16:43, 5.4148154, 95.6377640, 523.7
2021-03-12T09:16:44, 5.4148226, 95.6377640, 523.6
2021-03-12T09:16:45, 5.4148307, 95.6377640, 523.2
2021-03-12T09:16:46, 5.4148369, 95.6377640, 523.7
2021-03-12T09:16:47, 5.4148431, 95.6377640, 523.4
2021-03-12T09:16:48, 5.4148479, 95.6377560, 523.6
2021-03-12T09:16:49, 5.4148479, 95.6377560, 523.6
2021-03-12T09:16:50, 5.4148502, 95.6377560, 523.1
2021-03-12T09:16:51, 5.4148521, 95.6377560, 523.1
2021-03-12T09:16:52, 5.4148507, 95.6377490, 523.3
2021-03-12T09:16:53, 5.4148517, 95.6377490, 523.4
2021-03-12T09:16:54, 5.4148531, 95.6377490, 523.7
2021-03-12T09:16:55, 5.4148536, 95.6377490, 523.8
2021-03-12T09:16:56, 5.4148545, 95.6377410, 523.9
2021-03-12T09:16:57, 5.4148550, 95.6377410, 524.3
2021-03-12T09:16:58, 5.4148536, 95.6377410, 523.8
2021-03-12T09:16:59, 5.4148531, 95.6377410, 523.7
2021-03-12T09:17:00, 5.4148555, 95.6377410, 523.4
2021-03-12T09:17:01, 5.4148579, 95.6377410, 523.9
2021-03-12T09:17:02, 5.4148593, 95.6377410, 524.2
2021-03-12T09:17:03, 5.4148607, 95.6377410, 524.3
2021-03-12T09:17:04, 5.4148607, 95.6377330, 524.1
2021-03-12T09:17:05, 5.4148622, 95.6377330, 523.9
2021-03-12T09:17:06, 5.4148612, 95.6377330, 523.8
2021-03-12T09:17:07, 5.4148622, 95.6377330, 523.7
2021-03-12T09:17:08, 5.4148607, 95.6377330, 523.8
2021-03-12T09:17:10, 5.4148636, 95.6377410, 525.1
2021-03-12T09:17:11, 5.4148669, 95.6377410, 525.3
2021-03-12T09:17:12, 5.4148703, 95.6377490, 525.7
2021-03-12T09:17:13, 5.4148746, 95.6377490, 526.3
2021-03-12T09:17:14, 5.4148774, 95.6377410, 526.5
2021-03-12T09:17:15, 5.4148788, 95.6377410, 526.8
2021-03-12T09:17:16, 5.4148803, 95.6377410, 527.1
2021-03-12T09:17:17, 5.4148812, 95.6377490, 527.2
2021-03-12T09:17:18, 5.4148827, 95.6377490, 527.2
2021-03-12T09:17:19, 5.4148841, 95.6377490, 527.2
2021-03-12T09:17:20, 5.4148855, 95.6377490, 527.2
2021-03-12T09:17:21, 5.4148874, 95.6377490, 527.2
2021-03-12T09:17:22, 5.4148889, 95.6377490, 527.3
2021-03-12T09:17:23, 5.4148884, 95.6377490, 527.4
2021-03-12T09:17:24, 5.4148874, 95.6377490, 527.5
2021-03-12T09:17:25, 5.4148874, 95.6377490, 527.3
2021-03-12T09:17:26, 5.4148870, 95.6377490, 527.3
2021-03-12T09:17:27, 5.4148874, 95.6377410, 527.2
2021-03-12T09:17:28, 5.4148879, 95.6377410, 527.3
2021-03-12T09:17:29, 5.4148884, 95.6377410, 527.5
2021-03-12T09:17:30, 5.4148874, 95.6377410, 527.6
2021-03-12T09:17:31, 5.4148874, 95.6377410, 527.4
2021-03-12T09:17:32, 5.4148884, 95.6377410, 527.5
2021-03-12T09:17:33, 5.4148898, 95.6377410, 527.5
2021-03-12T09:17:34, 5.4148917, 95.6377410, 527.6
2021-03-12T09:17:35, 5.4148927, 95.6377410, 527.7
2021-03-12T09:17:36, 5.4148936, 95.6377410, 527.7
2021-03-12T09:17:37, 5.4148941, 95.6377410, 527.7
2021-03-12T09:17:38, 5.4148946, 95.6377410, 527.7
2021-03-12T09:17:39, 5.4148955, 95.6377410, 527.6
2021-03-12T09:17:40, 5.4148960, 95.6377410, 527.7
2021-03-12T09:17:41, 5.4148965, 95.6377410, 527.7
2021-03-12T09:17:42, 5.4148960, 95.6377410, 527.6
2021-03-12T09:17:43, 5.4148970, 95.6377410, 527.6
2021-03-12T09:17:44, 5.4148974, 95.6377410, 527.7
2021-03-12T09:17:45, 5.4148974, 95.6377410, 527.5
2021-03-12T09:17:46, 5.4148974, 95.6377410, 527.7
2021-03-12T09:17:47, 5.4148989, 95.6377410, 527.8
2021-03-12T09:17:48, 5.4148998, 95.6377410, 527.9
2021-03-12T09:17:50, 5.4149027, 95.6377410, 528.2
2021-03-12T09:17:51, 5.4149027, 95.6377410, 528.3
2021-03-12T09:17:52, 5.4149041, 95.6377410, 528.3
2021-03-12T09:17:53, 5.4149055, 95.6377410, 528.4
2021-03-12T09:17:54, 5.4149051, 95.6377410, 528.6
2021-03-12T09:17:55, 5.4149032, 95.6377410, 528.5
2021-03-12T09:17:56, 5.4149017, 95.6377410, 528.5
2021-03-12T09:17:57, 5.4149017, 95.6377410, 528.5
2021-03-12T09:17:58, 5.4149008, 95.6377410, 528.6
2021-03-12T09:17:59, 5.4149008, 95.6377490, 528.5
2021-03-12T09:18:00, 5.4149008, 95.6377490, 528.5
2021-03-12T09:18:01, 5.4149027, 95.6377490, 528.4
2021-03-12T09:18:02, 5.4149027, 95.6377490, 528.4
2021-03-12T09:18:03, 5.4149036, 95.6377490, 528.4
2021-03-12T09:18:04, 5.4149027, 95.6377490, 528.4
2021-03-12T09:18:05, 5.4149017, 95.6377490, 528.2
2021-03-12T09:18:06, 5.4149013, 95.6377490, 528.1
2021-03-12T09:18:07, 5.4148998, 95.6377490, 528.0
2021-03-12T09:18:08, 5.4149008, 95.6377490, 527.8
2021-03-12T09:18:09, 5.4149017, 95.6377490, 527.8
2021-03-12T09:18:10, 5.4149027, 95.6377490, 527.8
2021-03-12T09:18:11, 5.4149008, 95.6377490, 527.8
2021-03-12T09:18:12, 5.4148970, 95.6377490, 527.5
2021-03-12T09:18:13, 5.4148970, 95.6377490, 527.0
2021-03-12T09:18:14, 5.4148970, 95.6377490, 527.1
2021-03-12T09:18:15, 5.4148946, 95.6377490, 527.1
2021-03-12T09:18:16, 5.4148936, 95.6377490, 526.9
2021-03-12T09:18:17, 5.4148927, 95.6377490, 526.7
2021-03-12T09:18:18, 5.4148927, 95.6377490, 526.4
2021-03-12T09:18:19, 5.4148917, 95.6377490, 526.5
2021-03-12T09:18:20, 5.4148922, 95.6377490, 526.4
2021-03-12T09:18:21, 5.4148922, 95.6377490, 526.5
2021-03-12T09:18:22, 5.4148903, 95.6377490, 526.5
2021-03-12T09:18:23, 5.4148898, 95.6377490, 526.3
2021-03-12T09:18:24, 5.4148893, 95.6377410, 526.2
2021-03-12T09:18:25, 5.4148893, 95.6377410, 526.2
2021-03-12T09:18:26, 5.4148912, 95.6377410, 526.3
2021-03-12T09:18:27, 5.4148922, 95.6377410, 526.5
2021-03-12T09:18:28, 5.4148927, 95.6377410, 526.7
2021-03-12T09:18:30, 5.4148946, 95.6377490, 527.3
2021-03-12T09:18:31, 5.4148960, 95.6377490, 527.6
2021-03-12T09:18:32, 5.4148984, 95.6377490, 528.2
2021-03-12T09:18:33, 5.4148998, 95.6377490, 528.9
2021-03-12T09:18:34, 5.4149027, 95.6377490, 529.6
2021-03-12T09:18:35, 5.4149036, 95.6377490, 530.3
2021-03-12T09:18:36, 5.4149055, 95.6377490, 530.7
2021-03-12T09:18:37, 5.4149079, 95.6377490, 531.3
2021-03-12T09:18:38, 5.4149098, 95.6377560, 531.9
2021-03-12T09:18:39, 5.4149122, 95.6377560, 532.4
2021-03-12T09:18:40, 5.4149122, 95.6377560, 533.0
2021-03-12T09:18:41, 5.4149117, 95.6377560, 533.1
2021-03-12T09:18:42, 5.4149108, 95.6377560, 533.3
2021-03-12T09:18:43, 5.4149098, 95.6377560, 533.2
2021-03-12T09:18:44, 5.4149103, 95.6377560, 532.7
2021-03-12T09:18:45, 5.4149117, 95.6377560, 532.7
2021-03-12T09:18:46, 5.4149132, 95.6377560, 532.7
2021-03-12T09:18:47, 5.4149160, 95.6377560, 532.9
2021-03-12T09:18:48, 5.4149184, 95.6377560, 533.3
2021-03-12T09:18:49, 5.4149184, 95.6377560, 533.7
2021-03-12T09:18:50, 5.4149179, 95.6377560, 533.5
2021-03-12T09:18:51, 5.4149165, 95.6377560, 533.4
2021-03-12T09:18:52, 5.4149170, 95.6377560, 532.9
2021-03-12T09:18:53, 5.4149160, 95.6377490, 533.0
2021-03-12T09:18:54, 5.4149151, 95.6377490, 532.2
2021-03-12T09:18:55, 5.4149141, 95.6377490, 531.5
2021-03-12T09:18:56, 5.4149127, 95.6377490, 531.2
2021-03-12T09:18:57, 5.4149132, 95.6377490, 531.3
2021-03-12T09:18:58, 5.4149141, 95.6377490, 531.3
2021-03-12T09:18:59, 5.4149151, 95.6377490, 531.4
2021-03-12T09:19:00, 5.4149165, 95.6377490, 531.6
2021-03-12T09:19:01, 5.4149175, 95.6377490, 531.9
2021-03-12T09:19:02, 5.4149199, 95.6377490, 532.0
2021-03-12T09:19:03, 5.4149208, 95.6377490, 532.0
2021-03-12T09:19:04, 5.4149222, 95.6377490, 532.1
2021-03-12T09:19:05, 5.4149241, 95.6377490, 532.3
2021-03-12T09:19:06, 5.4149251, 95.6377490, 532.4
2021-03-12T09:19:08, 5.4149289, 95.6377490, 532.1
2021-03-12T09:19:09, 5.4149303, 95.6377560, 532.5
2021-03-12T09:19:10, 5.4149308, 95.6377560, 532.7
2021-03-12T09:19:11, 5.4149318, 95.6377490, 532.5
2021-03-12T09:19:12, 5.4149303, 95.6377490, 532.3
2021-03-12T09:19:13, 5.4149323, 95.6377490, 532.4
2021-03-12T09:19:14, 5.4149351, 95.6377560, 532.7
2021-03-12T09:19:15, 5.4149361, 95.6377560, 533.3
2021-03-12T09:19:16, 5.4149394, 95.6377560, 533.3
2021-03-12T09:19:17, 5.4149399, 95.6377560, 534.0
2021-03-12T09:19:18, 5.4149399, 95.6377560, 534.1
2021-03-12T09:19:19, 5.4149389, 95.6377560, 534.6
2021-03-12T09:19:20, 5.4149389, 95.6377560, 534.5
2021-03-12T09:19:21, 5.4149408, 95.6377560, 534.6
2021-03-12T09:19:22, 5.4149423, 95.6377560, 535.1
2021-03-12T09:19:23, 5.4149427, 95.6377560, 535.4
2021-03-12T09:19:24, 5.4149442, 95.6377560, 535.3
2021-03-12T09:19:25, 5.4149446, 95.6377560, 535.9
2021-03-12T09:19:26, 5.4149446, 95.6377560, 536.1
2021-03-12T09:19:27, 5.4149423, 95.6377560, 536.0
2021-03-12T09:19:28, 5.4149427, 95.6377560, 535.2
2021-03-12T09:19:29, 5.4149427, 95.6377560, 533.7
2021-03-12T09:19:30, 5.4149418, 95.6377490, 532.9
2021-03-12T09:19:31, 5.4149394, 95.6377560, 531.6
2021-03-12T09:19:32, 5.4149399, 95.6377560, 531.6
2021-03-12T09:19:33, 5.4149399, 95.6377560, 531.3
2021-03-12T09:19:34, 5.4149423, 95.6377490, 530.8
2021-03-12T09:19:35, 5.4149446, 95.6377490, 530.3
2021-03-12T09:19:36, 5.4149475, 95.6377490, 529.8
2021-03-12T09:19:37, 5.4149523, 95.6377410, 529.3
2021-03-12T09:19:38, 5.4149580, 95.6377330, 528.5
2021-03-12T09:19:39, 5.4149637, 95.6377330, 528.0
2021-03-12T09:19:40, 5.4149685, 95.6377330, 527.1
2021-03-12T09:19:41, 5.4149718, 95.6377330, 527.0
2021-03-12T09:19:42, 5.4149756, 95.6377260, 526.8
2021-03-12T09:19:43, 5.4149814, 95.6377260, 526.9
2021-03-12T09:19:44, 5.4149847, 95.6377260, 526.8
2021-03-12T09:19:45, 5.4149857, 95.6377260, 527.0
2021-03-12T09:19:46, 5.4149842, 95.6377180, 526.9
2021-03-12T09:19:48, 5.4149842, 95.6377260, 526.4
2021-03-12T09:19:49, 5.4149890, 95.6377260, 526.4
2021-03-12T09:19:50, 5.4149947, 95.6377180, 526.3
2021-03-12T09:19:51, 5.4150000, 95.6377180, 526.2
2021-03-12T09:19:52, 5.4150047, 95.6377180, 526.0
2021-03-12T09:19:53, 5.4150090, 95.6377110, 526.2
2021-03-12T09:19:54, 5.4150147, 95.6377110, 526.2
2021-03-12T09:19:55, 5.4150200, 95.6377110, 526.2
2021-03-12T09:19:56, 5.4150267, 95.6377030, 526.5
2021-03-12T09:19:57, 5.4150300, 95.6377030, 526.2
2021-03-12T09:19:58, 5.4150338, 95.6377030, 526.4
2021-03-12T09:19:59, 5.4150376, 95.6377030, 526.4
2021-03-12T09:20:00, 5.4150400, 95.6376950, 526.3
2021-03-12T09:20:01, 5.4150443, 95.6376950, 526.9
2021-03-12T09:20:02, 5.4150505, 95.6377030, 526.8
2021-03-12T09:20:03, 5.4150553, 95.6377030, 526.7
2021-03-12T09:20:04, 5.4150615, 95.6376950, 526.6
2021-03-12T09:20:05, 5.4150672, 95.6376950, 526.9
2021-03-12T09:20:06, 5.4150720, 95.6376950, 527.2
2021-03-12T09:20:07, 5.4150715, 95.6376950, 527.9
2021-03-12T09:20:08, 5.4150772, 95.6376880, 528.4
2021-03-12T09:20:09, 5.4150844, 95.6376880, 528.7
2021-03-12T09:20:10, 5.4150915, 95.6376880, 528.8
2021-03-12T09:20:11, 5.4151006, 95.6376800, 528.6
2021-03-12T09:20:12, 5.4151096, 95.6376800, 527.8
2021-03-12T09:20:13, 5.4151163, 95.6376720, 527.7
2021-03-12T09:20:14, 5.4151230, 95.6376650, 527.7
2021-03-12T09:20:15, 5.4151311, 95.6376650, 527.3
2021-03-12T09:20:16, 5.4151363, 95.6376570, 527.8
2021-03-12T09:20:17, 5.4151459, 95.6376500, 527.8
2021-03-12T09:20:18, 5.4151530, 95.6376500, 527.8
2021-03-12T09:20:19, 5.4151659, 95.6376500, 527.9
2021-03-12T09:20:20, 5.4151750, 95.6376500, 528.2
2021-03-12T09:20:21, 5.4151835, 95.6376500, 527.3
2021-03-12T09:20:22, 5.4151921, 95.6376500, 527.2
2021-03-12T09:20:23, 5.4151993, 95.6376420, 527.7
2021-03-12T09:20:25, 5.4152169, 95.6376420, 528.1
2021-03-12T09:20:26, 5.4152250, 95.6376420, 528.1
2021-03-12T09:20:27, 5.4152350, 95.6376420, 528.1
2021-03-12T09:20:28, 5.4152441, 95.6376340, 528.0
2021-03-12T09:20:29, 5.4152493, 95.6376340, 528.3
2021-03-12T09:20:30, 5.4152565, 95.6376340, 528.1
2021-03-12T09:20:31, 5.4152675, 95.6376340, 528.3
2021-03-12T09:20:32, 5.4152775, 95.6376340, 528.6
2021-03-12T09:20:33, 5.4152889, 95.6376270, 528.2
2021-03-12T09:20:34, 5.4152975, 95.6376190, 528.3
2021-03-12T09:20:35, 5.4153047, 95.6376110, 528.4
2021-03-12T09:20:36, 5.4153132, 95.6376110, 528.2
2021-03-12T09:20:37, 5.4153194, 95.6376110, 528.6
2021-03-12T09:20:38, 5.4153290, 95.6376110, 528.0
2021-03-12T09:20:39, 5.4153371, 95.6376110, 527.9
2021-03-12T09:20:40, 5.4153457, 95.6376040, 527.6
2021-03-12T09:20:41, 5.4153519, 95.6376040, 527.7
2021-03-12T09:20:42, 5.4153595, 95.6376040, 527.4
2021-03-12T09:20:43, 5.4153671, 95.6376040, 527.4
2021-03-12T09:20:44, 5.4153738, 95.6376040, 527.3
2021-03-12T09:20:45, 5.4153857, 95.6376040, 527.0
2021-03-12T09:20:46, 5.4153967, 95.6376040, 526.9
2021-03-12T09:20:47, 5.4154034, 95.6376040, 527.1
2021-03-12T09:20:48, 5.4154062, 95.6376040, 527.1
2021-03-12T09:20:49, 5.4154129, 95.6375960, 526.0
2021-03-12T09:20:50, 5.4154186, 95.6375960, 527.2
2021-03-12T09:20:51, 5.4154253, 95.6375890, 527.2
2021-03-12T09:20:52, 5.4154339, 95.6375890, 526.9
2021-03-12T09:20:53, 5.4154415, 95.6375890, 526.6
2021-03-12T09:20:54, 5.4154506, 95.6375890, 526.6
2021-03-12T09:20:55, 5.4154596, 95.6375890, 526.6
2021-03-12T09:20:56, 5.4154673, 95.6375890, 527.3
2021-03-12T09:20:57, 5.4154782, 95.6375890, 527.4
2021-03-12T09:20:58, 5.4154887, 95.6375890, 527.6
2021-03-12T09:20:59, 5.4155002, 95.6375890, 527.9
2021-03-12T09:21:00, 5.4155102, 95.6375890, 527.8
2021-03-12T09:21:01, 5.4155197, 95.6375890, 528.0
2021-03-12T09:21:02, 5.4155302, 95.6375890, 528.0
2021-03-12T09:21:03, 5.4155378, 95.6375890, 527.8
2021-03-12T09:21:05, 5.4155579, 95.6375960, 527.4
2021-03-12T09:21:06, 5.4155660, 95.6376040, 527.5
2021-03-12T09:21:07, 5.4155750, 95.6376040, 526.9
2021-03-12T09:21:08, 5.4155850, 95.6375960, 526.5
2021-03-12T09:21:09, 5.4155955, 95.6375960, 526.8
2021-03-12T09:21:10, 5.4156055, 95.6375960, 526.8
2021-03-12T09:21:11, 5.4156141, 95.6375890, 526.8
2021-03-12T09:21:12, 5.4156208, 95.6375890, 526.7
2021-03-12T09:21:13, 5.4156289, 95.6375890, 526.7
2021-03-12T09:21:14, 5.4156389, 95.6375890, 526.6
2021-03-12T09:21:15, 5.4156504, 95.6375890, 526.5
2021-03-12T09:21:16, 5.4156599, 95.6375890, 526.9
2021-03-12T09:21:17, 5.4156699, 95.6375890, 527.0
2021-03-12T09:21:18, 5.4156780, 95.6375810, 526.9
2021-03-12T09:21:19, 5.4156866, 95.6375810, 526.9
2021-03-12T09:21:20, 5.4156971, 95.6375810, 527.1
2021-03-12T09:21:21, 5.4157043, 95.6375810, 527.2
2021-03-12T09:21:22, 5.4157138, 95.6375810, 527.4
2021-03-12T09:21:23, 5.4157238, 95.6375810, 527.9
2021-03-12T09:21:24, 5.4157295, 95.6375810, 528.0
2021-03-12T09:21:25, 5.4157391, 95.6375730, 528.1
2021-03-12T09:21:26, 5.4157467, 95.6375730, 528.3
2021-03-12T09:21:27, 5.4157562, 95.6375730, 528.3
2021-03-12T09:21:28, 5.4157648, 95.6375730, 528.6
2021-03-12T09:21:29, 5.4157743, 95.6375730, 528.9
2021-03-12T09:21:30, 5.4157796, 95.6375730, 528.7
2021-03-12T09:21:31, 5.4157882, 95.6375730, 528.4
2021-03-12T09:21:32, 5.4157963, 95.6375730, 528.5
2021-03-12T09:21:33, 5.4158044, 95.6375730, 528.5
2021-03-12T09:21:34, 5.4158120, 95.6375810, 528.3
2021-03-12T09:21:35, 5.4158235, 95.6375810, 528.3
2021-03-12T09:21:36, 5.4158335, 95.6375810, 528.8
2021-03-12T09:21:37, 5.4158440, 95.6375810, 529.2
2021-03-12T09:21:38, 5.4158568, 95.6375890, 529.7
2021-03-12T09:21:39, 5.4158659, 95.6375890, 530.1
2021-03-12T09:21:40, 5.4158754, 95.6375890, 531.0
2021-03-12T09:21:41, 5.4158859, 95.6375890, 531.4
2021-03-12T09:21:42, 5.4158964, 95.6375890, 531.5
2021-03-12T09:21:44, 5.4159193, 95.6375890, 531.9
2021-03-12T09:21:45, 5.4159288, 95.6375890, 531.4
2021-03-12T09:21:46, 5.4159389, 95.6375960, 531.6
2021-03-12T09:21:47, 5.4159470, 95.6375960, 531.2
2021-03-12T09:21:48, 5.4159575, 95.6375960, 531.6
2021-03-12T09:21:49, 5.4159675, 95.6375960, 532.3
2021-03-12T09:21:50, 5.4159770, 95.6375960, 532.5
2021-03-12T09:21:51, 5.4159861, 95.6375960, 531.8
2021-03-12T09:21:52, 5.4159956, 95.6375960, 531.7
2021-03-12T09:21:53, 5.4160042, 95.6375960, 531.5
2021-03-12T09:21:54, 5.4160161, 95.6375960, 531.8
2021-03-12T09:21:55, 5.4160285, 95.6375960, 531.9
2021-03-12T09:21:56, 5.4160390, 95.6375960, 532.4
2021-03-12T09:21:57, 5.4160504, 95.6375960, 532.5
2021-03-12T09:21:58, 5.4160600, 95.6375960, 532.7
2021-03-12T09:21:59, 5.4160695, 95.6375960, 533.0
2021-03-12T09:22:00, 5.4160795, 95.6375960, 532.7
2021-03-12T09:22:01, 5.4160924, 95.6375960, 532.7
2021-03-12T09:22:02, 5.4161034, 95.6375960, 533.8
2021-03-12T09:22:03, 5.4161119, 95.6375960, 534.2
2021-03-12T09:22:04, 5.4161215, 95.6375960, 534.5
2021-03-12T09:22:05, 5.4161315, 95.6375890, 534.7
2021-03-12T09:22:06, 5.4161415, 95.6375890, 535.0
2021-03-12T09:22:07, 5.4161510, 95.6375960, 534.8
2021-03-12T09:22:08, 5.4161611, 95.6375890, 534.8
2021-03-12T09:22:09, 5.4161711, 95.6375890, 535.3
2021-03-12T09:22:10, 5.4161797, 95.6375960, 535.3
2021-03-12T09:22:11, 5.4161897, 95.6375960, 535.0
2021-03-12T09:22:12, 5.4162006, 95.6375960, 535.4
2021-03-12T09:22:13, 5.4162107, 95.6375960, 535.5
2021-03-12T09:22:14, 5.4162226, 95.6375960, 535.5
2021-03-12T09:22:15, 5.4162321, 95.6376040, 535.8
2021-03-12T09:22:16, 5.4162416, 95.6376040, 535.8
2021-03-12T09:22:17, 5.4162502, 95.6376040, 536.1
2021-03-12T09:22:18, 5.4162588, 95.6376040, 536.1
2021-03-12T09:22:19, 5.4162669, 95.6376040, 536.4
2021-03-12T09:22:20, 5.4162755, 95.6376040, 536.6
2021-03-12T09:22:21, 5.4162841, 95.6376110, 536.7
2021-03-12T09:22:22, 5.4162946, 95.6376110, 537.3
2021-03-12T09:22:24, 5.4163151, 95.6376110, 537.0
2021-03-12T09:22:25, 5.4163241, 95.6376190, 536.8
2021-03-12T09:22:26, 5.4163375, 95.6376110, 536.5
2021-03-12T09:22:27, 5.4163485, 95.6376110, 536.4
2021-03-12T09:22:28, 5.4163575, 95.6376190, 536.2
2021-03-12T09:22:29, 5.4163675, 95.6376190, 536.3
2021-03-12T09:22:30, 5.4163752, 95.6376190, 536.4
2021-03-12T09:22:31, 5.4163828, 95.6376190, 535.7
2021-03-12T09:22:32, 5.4163933, 95.6376190, 535.7
2021-03-12T09:22:33, 5.4164028, 95.6376190, 535.6
2021-03-12T09:22:34, 5.4164147, 95.6376190, 535.7
2021-03-12T09:22:35, 5.4164257, 95.6376190, 536.2
2021-03-12T09:22:36, 5.4164352, 95.6376190, 536.2
2021-03-12T09:22:37, 5.4164438, 95.6376270, 536.2
2021-03-12T09:22:38, 5.4164515, 95.6376270, 535.6
2021-03-12T09:22:39, 5.4164605, 95.6376190, 535.1
2021-03-12T09:22:40, 5.4164720, 95.6376190, 535.6
2021-03-12T09:22:41, 5.4164824, 95.6376270, 535.8
2021-03-12T09:22:42, 5.4164934, 95.6376190, 536.0
2021-03-12T09:22:43, 5.4165034, 95.6376190, 536.4
2021-03-12T09:22:44, 5.4165120, 95.6376190, 536.8
2021-03-12T09:22:45, 5.4165211, 95.6376190, 536.5
2021-03-12T09:22:46, 5.4165311, 95.6376110, 536.7
2021-03-12T09:22:47, 5.4165406, 95.6376190, 536.8
2021-03-12T09:22:48, 5.4165483, 95.6376110, 536.8
2021-03-12T09:22:49, 5.4165578, 95.6376110, 537.0
2021-03-12T09:22:50, 5.4165688, 95.6376110, 537.1
2021-03-12T09:22:51, 5.4165788, 95.6376110, 537.5
2021-03-12T09:22:52, 5.4165874, 95.6376110, 538.0
2021-03-12T09:22:53, 5.4165955, 95.6376110, 538.3
2021-03-12T09:22:54, 5.4166050, 95.6376110, 538.5
2021-03-12T09:22:55, 5.4166145, 95.6376110, 539.1
2021-03-12T09:22:56, 5.4166226, 95.6376110, 539.1
2021-03-12T09:22:57, 5.4166327, 95.6376110, 539.3
2021-03-12T09:22:58, 5.4166417, 95.6376110, 539.8
2021-03-12T09:22:59, 5.4166498, 95.6376110, 540.0
2021-03-12T09:23:00, 5.4166598, 95.6376110, 540.2
2021-03-12T09:23:02, 5.4166794, 95.6376110, 540.5
2021-03-12T09:23:03, 5.4166884, 95.6376110, 540.3
2021-03-12T09:23:04, 5.4166999, 95.6376110, 540.3
2021-03-12T09:23:05, 5.4167085, 95.6376110, 540.1
2021-03-12T09:23:06, 5.4167180, 95.6376110, 539.8
2021-03-12T09:23:07, 5.4167271, 95.6376110, 539.8
2021-03-12T09:23:08, 5.4167352, 95.6376110, 540.0
2021-03-12T09:23:09, 5.4167442, 95.6376110, 540.0
2021-03-12T09:23:10, 5.4167519, 95.6376110, 540.0
2021-03-12T09:23:11, 5.4167643, 95.6376110, 540.0
2021-03-12T09:23:12, 5.4167719, 95.6376110, 540.0
2021-03-12T09:23:13, 5.4167786, 95.6376110, 540.4
2021-03-12T09:23:14, 5.4167838, 95.6376110, 540.3
2021-03-12T09:23:15, 5.4167914, 95.6376110, 540.1
2021-03-12T09:23:16, 5.4167991, 95.6376110, 540.2
2021-03-12T09:23:17, 5.4168077, 95.6376110, 540.5
2021-03-12T09:23:18, 5.4168153, 95.6376110, 540.7
2021-03-12T09:23:19, 5.4168248, 95.6376040, 540.9
2021-03-12T09:23:20, 5.4168339, 95.6376040, 541.4
2021-03-12T09:23:21, 5.4168410, 95.6376040, 541.4
2021-03-12T09:23:22, 5.4168506, 95.6376040, 541.5
2021-03-12T09:23:23, 5.4168591, 95.6376110, 541.3
2021-03-12T09:23:24, 5.4168696, 95.6376110, 541.1
2021-03-12T09:23:25, 5.4168801, 95.6376110, 541.3
2021-03-12T09:23:26, 5.4168887, 95.6376110, 541.1
2021-03-12T09:23:27, 5.4168987, 95.6376110, 540.6
2021-03-12T09:23:28, 5.4169073, 95.6376040, 540.4
2021-03-12T09:23:29, 5.4169154, 95.6376040, 540.2
2021-03-12T09:23:30, 5.4169207, 95.6376110, 540.0
2021-03-12T09:23:31, 5.4169288, 95.6376110, 540.1
2021-03-12T09:23:32, 5.4169359, 95.6376110, 540.0
2021-03-12T09:23:33, 5.4169455, 95.6376110, 539.8
2021-03-12T09:23:34, 5.4169536, 95.6376040, 540.3
2021-03-12T09:23:35, 5.4169631, 95.6376040, 540.1
2021-03-12T09:23:36, 5.4169698, 95.6376040, 540.5
2021-03-12T09:23:37, 5.4169784, 95.6376040, 540.3
2021-03-12T09:23:38, 5.4169879, 95.6376040, 540.6
2021-03-12T09:23:39, 5.4169970, 95.6376040, 541.0
2021-03-12T09:23:40, 5.4170065, 95.6375960, 541.5
2021-03-12T09:23:42, 5.4170227, 95.6376040, 541.8
2021-03-12T09:23:43, 5.4170322, 95.6376040, 541.7
2021-03-12T09:23:44, 5.4170423, 95.6376040, 541.9
2021-03-12T09:23:45, 5.4170499, 95.6376040, 541.7
2021-03-12T09:23:46, 5.4170580, 95.6376040, 541.9
2021-03-12T09:23:47, 5.4170656, 95.6376040, 542.1
2021-03-12T09:23:48, 5.4170752, 95.6376040, 542.3
2021-03-12T09:23:49, 5.4170852, 95.6376040, 542.4
2021-03-12T09:23:50, 5.4170952, 95.6376040, 542.7
2021-03-12T09:23:51, 5.4171019, 95.6376040, 542.6
2021-03-12T09:23:52, 5.4171090, 95.6376040, 542.2
2021-03-12T09:23:53, 5.4171162, 95.6376040, 542.4
2021-03-12T09:23:54, 5.4171262, 95.6376040, 542.7
2021-03-12T09:23:55, 5.4171343, 95.6376040, 542.2
2021-03-12T09:23:56, 5.4171443, 95.6376040, 542.5
2021-03-12T09:23:57, 5.4171519, 95.6376040, 542.8
2021-03-12T09:23:58, 5.4171600, 95.6376040, 542.9
2021-03-12T09:23:59, 5.4171710, 95.6376040, 542.7
2021-03-12T09:24:00, 5.4171801, 95.6376040, 543.1
2021-03-12T09:24:01, 5.4171882, 95.6376040, 543.0
2021-03-12T09:24:02, 5.4171968, 95.6376040, 542.8
2021-03-12T09:24:03, 5.4172049, 95.6376040, 542.6
2021-03-12T09:24:04, 5.4172134, 95.6376040, 542.7
2021-03-12T09:24:05, 5.4172225, 95.6375960, 542.9
2021-03-12T09:24:06, 5.4172306, 95.6375960, 542.9
2021-03-12T09:24:07, 5.4172397, 95.6375960, 543.1
2021-03-12T09:24:08, 5.4172473, 95.6375960, 543.1
2021-03-12T09:24:09, 5.4172559, 95.6375960, 543.1
2021-03-12T09:24:10, 5.4172664, 95.6375960, 543.2
2021-03-12T09:24:11, 5.4172769, 95.6375960, 543.4
2021-03-12T09:24:12, 5.4172854, 95.6375960, 543.6
2021-03-12T09:24:13, 5.4172931, 95.6375960, 543.3
2021-03-12T09:24:14, 5.4173031, 95.6375960, 543.3
2021-03-12T09:24:15, 5.4173131, 95.6375960, 543.6
2021-03-12T09:24:16, 5.4173231, 95.6375960, 543.4
2021-03-12T09:24:17, 5.4173322, 95.6375890, 543.3
2021-03-12T09:24:18, 5.4173431, 95.6375890, 543.5
2021-03-12T09:24:19, 5.4173517, 95.6375890, 543.6
2021-03-12T09:24:21, 5.4173713, 95.6375890, 543.5
2021-03-12T09:24:22, 5.4173803, 95.6375890, 543.3
2021-03-12T09:24:23, 5.4173903, 95.6375890, 543.6
2021-03-12T09:24:24, 5.4173985, 95.6375890, 543.5
2021-03-12T09:24:25, 5.4174070, 95.6375890, 543.6
2021-03-12T09:24:26, 5.4174142, 95.6375890, 543.7
2021-03-12T09:24:27, 5.4174204, 95.6375890, 543.6
2021-03-12T09:24:28, 5.4174280, 95.6375810, 543.2
2021-03-12T09:24:29, 5.4174347, 95.6375810, 542.8
2021-03-12T09:24:30, 5.4174409, 95.6375730, 542.8
2021-03-12T09:24:31, 5.4174490, 95.6375730, 543.6
2021-03-12T09:24:32, 5.4174552, 95.6375730, 543.3
2021-03-12T09:24:33, 5.4174614, 95.6375730, 543.5
2021-03-12T09:24:34, 5.4174666, 95.6375730, 543.3
2021-03-12T09:24:35, 5.4174733, 95.6375730, 543.6
2021-03-12T09:24:36, 5.4174819, 95.6375730, 544.4
2021-03-12T09:24:37, 5.4174886, 95.6375660, 544.9
2021-03-12T09:24:38, 5.4174976, 95.6375660, 545.3
2021-03-12T09:24:39, 5.4175067, 95.6375660, 545.6
2021-03-12T09:24:40, 5.4175158, 95.6375660, 545.8
2021-03-12T09:24:41, 5.4175239, 95.6375660, 546.0
2021-03-12T09:24:42, 5.4175305, 95.6375660, 545.9
2021-03-12T09:24:43, 5.4175386, 95.6375660, 545.8
2021-03-12T09:24:44, 5.4175458, 95.6375660, 545.9
2021-03-12T09:24:45, 5.4175529, 95.6375660, 545.8
2021-03-12T09:24:46, 5.4175615, 95.6375660, 546.2
2021-03-12T09:24:47, 5.4175711, 95.6375660, 546.3
2021-03-12T09:24:48, 5.4175816, 95.6375660, 546.3
2021-03-12T09:24:49, 5.4175925, 95.6375660, 547.0
2021-03-12T09:24:50, 5.4176016, 95.6375660, 547.3
2021-03-12T09:24:51, 5.4176135, 95.6375660, 547.5
2021-03-12T09:24:52, 5.4176254, 95.6375660, 548.3
2021-03-12T09:24:53, 5.4176354, 95.6375660, 548.6
2021-03-12T09:24:54, 5.4176435, 95.6375660, 548.7
2021-03-12T09:24:55, 5.4176555, 95.6375660, 548.6
2021-03-12T09:24:56, 5.4176669, 95.6375660, 549.2
2021-03-12T09:24:57, 5.4176755, 95.6375660, 549.3
2021-03-12T09:24:58, 5.4176826, 95.6375660, 549.5
2021-03-12T09:25:00, 5.4176984, 95.6375660, 549.2
2021-03-12T09:25:01, 5.4177060, 95.6375660, 549.0
2021-03-12T09:25:02, 5.4177160, 95.6375660, 549.1
2021-03-12T09:25:03, 5.4177241, 95.6375660, 549.1
2021-03-12T09:25:04, 5.4177318, 95.6375580, 549.4
2021-03-12T09:25:05, 5.4177399, 95.6375580, 549.3
2021-03-12T09:25:06, 5.4177470, 95.6375580, 549.6
2021-03-12T09:25:07, 5.4177561, 95.6375580, 549.7
2021-03-12T09:25:08, 5.4177642, 95.6375580, 549.9
2021-03-12T09:25:09, 5.4177732, 95.6375500, 550.2
2021-03-12T09:25:10, 5.4177818, 95.6375500, 550.6
2021-03-12T09:25:11, 5.4177904, 95.6375500, 550.8
2021-03-12T09:25:12, 5.4177980, 95.6375500, 550.7
2021-03-12T09:25:13, 5.4178071, 95.6375500, 550.8
2021-03-12T09:25:14, 5.4178152, 95.6375500, 551.0
2021-03-12T09:25:15, 5.4178247, 95.6375500, 550.6
2021-03-12T09:25:16, 5.4178338, 95.6375500, 550.7
2021-03-12T09:25:17, 5.4178414, 95.6375500, 550.7
2021-03-12T09:25:18, 5.4178495, 95.6375430, 550.9
2021-03-12T09:25:19, 5.4178562, 95.6375430, 551.2
2021-03-12T09:25:20, 5.4178624, 95.6375500, 551.1
2021-03-12T09:25:21, 5.4178696, 95.6375500, 550.7
2021-03-12T09:25:22, 5.4178762, 95.6375500, 550.9
2021-03-12T09:25:23, 5.4178843, 95.6375500, 550.9
2021-03-12T09:25:24, 5.4178925, 95.6375500, 551.3
2021-03-12T09:25:25, 5.4179010, 95.6375500, 551.5
2021-03-12T09:25:26, 5.4179091, 95.6375500, 551.8
2021-03-12T09:25:27, 5.4179187, 95.6375500, 552.0
2021-03-12T09:25:28, 5.4179277, 95.6375500, 552.4
2021-03-12T09:25:29, 5.4179382, 95.6375500, 552.6
2021-03-12T09:25:30, 5.4179459, 95.6375500, 553.0
2021-03-12T09:25:31, 5.4179535, 95.6375430, 552.9
2021-03-12T09:25:32, 5.4179626, 95.6375430, 553.4
2021-03-12T09:25:33, 5.4179707, 95.6375430, 553.5
2021-03-12T09:25:34, 5.4179802, 95.6375430, 553.8
2021-03-12T09:25:35, 5.4179907, 95.6375430, 553.8
2021-03-12T09:25:36, 5.4179993, 95.6375430, 554.0
2021-03-12T09:25:38, 5.4180179, 95.6375350, 554.7
2021-03-12T09:25:39, 5.4180264, 95.6375350, 555.1
2021-03-12T09:25:40, 5.4180360, 95.6375350, 555.6
2021-03-12T09:25:41, 5.4180455, 95.6375270, 555.8
2021-03-12T09:25:42, 5.4180546, 95.6375270, 555.8
2021-03-12T09:25:43, 5.4180632, 95.6375270, 555.7
2021-03-12T09:25:44, 5.4180698, 95.6375270, 555.7
2021-03-12T09:25:45, 5.4180765, 95.6375270, 555.6
2021-03-12T09:25:46, 5.4180841, 95.6375270, 555.7
2021-03-12T09:25:47, 5.4180918, 95.6375200, 555.7
2021-03-12T09:25:48, 5.4181004, 95.6375200, 555.7
2021-03-12T09:25:49, 5.4181075, 95.6375200, 555.2
2021-03-12T09:25:50, 5.4181170, 95.6375200, 555.4
2021-03-12T09:25:51, 5.4181256, 95.6375200, 555.1
2021-03-12T09:25:52, 5.4181347, 95.6375200, 555.2
2021-03-12T09:25:53, 5.4181423, 95.6375200, 555.2
2021-03-12T09:25:54, 5.4181504, 95.6375200, 555.2
2021-03-12T09:25:55, 5.4181595, 95.6375200, 555.5
2021-03-12T09:25:56, 5.4181671, 95.6375200, 555.4
2021-03-12T09:25:57, 5.4181762, 95.6375200, 555.3
2021-03-12T09:25:58, 5.4181848, 95.6375200, 554.8
2021-03-12T09:25:59, 5.4181929, 95.6375200, 554.7
2021-03-12T09:26:00, 5.4182010, 95.6375200, 554.9
2021-03-12T09:26:01, 5.4182086, 95.6375200, 554.9
2021-03-12T09:26:02, 5.4182162, 95.6375200, 554.8
2021-03-12T09:26:03, 5.4182248, 95.6375200, 555.1
2021-03-12T09:26:04, 5.4182329, 95.6375200, 555.2
2021-03-12T09:26:05, 5.4182401, 95.6375200, 555.4
2021-03-12T09:26:06, 5.4182444, 95.6375200, 555.2
2021-03-12T09:26:07, 5.4182506, 95.6375200, 555.0
2021-03-12T09:26:08, 5.4182582, 95.6375200, 555.6
2021-03-12T09:26:09, 5.4182658, 95.6375200, 556.0
2021-03-12T09:26:10, 5.4182730, 95.6375120, 556.0
2021-03-12T09:26:11, 5.4182811, 95.6375120, 556.2
2021-03-12T09:26:12, 5.4182882, 95.6375120, 556.6
2021-03-12T09:26:13, 5.4182973, 95.6375120, 556.7
2021-03-12T09:26:14, 5.4183035, 95.6375120, 556.9
2021-03-12T09:26:15, 5.4183121, 95.6375120, 556.9
2021-03-12T09:26:17, 5.4183283, 95.6375050, 557.3
2021-03-12T09:26:18, 5.4183369, 95.6375050, 557.3
2021-03-12T09:26:19, 5.4183455, 95.6374970, 557.1
2021-03-12T09:26:20, 5.4183545, 95.6374970, 557.5
2021-03-12T09:26:21, 5.4183617, 95.6374970, 557.6
2021-03-12T09:26:22, 5.4183674, 95.6374970, 557.7
2021-03-12T09:26:23, 5.4183745, 95.6374890, 558.1
2021-03-12T09:26:24, 5.4183836, 95.6374890, 558.9
2021-03-12T09:26:25, 5.4183931, 95.6374890, 559.1
2021-03-12T09:26:26, 5.4184003, 95.6374890, 558.1
2021-03-12T09:26:27, 5.4184051, 95.6374890, 557.9
2021-03-12T09:26:28, 5.4184117, 95.6374890, 558.5
2021-03-12T09:26:29, 5.4184189, 95.6374890, 558.6
2021-03-12T09:26:30, 5.4184279, 95.6374890, 558.6
2021-03-12T09:26:31, 5.4184332, 95.6374890, 558.9
2021-03-12T09:26:32, 5.4184399, 95.6374890, 558.7
2021-03-12T09:26:33, 5.4184489, 95.6374890, 558.7
2021-03-12T09:26:34, 5.4184566, 95.6374820, 558.1
2021-03-12T09:26:35, 5.4184656, 95.6374820, 558.0
2021-03-12T09:26:36, 5.4184728, 95.6374820, 557.6
2021-03-12T09:26:37, 5.4184804, 95.6374820, 557.4
2021-03-12T09:26:38, 5.4184871, 95.6374820, 556.9
2021-03-12T09:26:39, 5.4184947, 95.6374820, 556.7
2021-03-12T09:26:40, 5.4185023, 95.6374740, 556.3
2021-03-12T09:26:41, 5.4185109, 95.6374740, 556.1
2021-03-12T09:26:42, 5.4185166, 95.6374660, 556.4
2021-03-12T09:26:43, 5.4185233, 95.6374660, 556.6
2021-03-12T09:26:44, 5.4185309, 95.6374590, 556.6
2021-03-12T09:26:45, 5.4185390, 95.6374590, 556.7
2021-03-12T09:26:46, 5.4185472, 95.6374590, 556.8
2021-03-12T09:26:47, 5.4185543, 95.6374510, 557.0
2021-03-12T09:26:48, 5.4185624, 95.6374510, 557.3
2021-03-12T09:26:49, 5.4185696, 95.6374510, 557.2
2021-03-12T09:26:50, 5.4185777, 95.6374510, 557.2
2021-03-12T09:26:51, 5.4185863, 95.6374510, 557.2
2021-03-12T09:26:52, 5.4185948, 95.6374510, 557.6
2021-03-12T09:26:53, 5.4186039, 95.6374510, 557.8
2021-03-12T09:26:54, 5.4186115, 95.6374510, 558.2
2021-03-12T09:26:56, 5.4186282, 95.6374440, 558.6
2021-03-12T09:26:57, 5.4186368, 95.6374440, 558.9
2021-03-12T09:26:58, 5.4186459, 95.6374360, 559.0
2021-03-12T09:26:59, 5.4186521, 95.6374360, 559.5
2021-03-12T09:27:00, 5.4186606, 95.6374360, 559.6
2021-03-12T09:27:01, 5.4186707, 95.6374440, 559.8
2021-03-12T09:27:02, 5.4186783, 95.6374360, 559.9
2021-03-12T09:27:03, 5.4186878, 95.6374360, 559.7
2021-03-12T09:27:04, 5.4186935, 95.6374440, 559.8
2021-03-12T09:27:05, 5.4187007, 95.6374440, 559.7
2021-03-12T09:27:06, 5.4187093, 95.6374360, 559.9
2021-03-12T09:27:07, 5.4187174, 95.6374360, 560.3
2021-03-12T09:27:08, 5.4187264, 95.6374360, 561.1
2021-03-12T09:27:09, 5.4187346, 95.6374280, 561.1
2021-03-12T09:27:10, 5.4187427, 95.6374280, 561.5
2021-03-12T09:27:11, 5.4187503, 95.6374280, 561.6
2021-03-12T09:27:12, 5.4187593, 95.6374280, 561.8
2021-03-12T09:27:13, 5.4187684, 95.6374210, 562.2
2021-03-12T09:27:14, 5.4187760, 95.6374210, 562.9
2021-03-12T09:27:15, 5.4187818, 95.6374210, 563.3
2021-03-12T09:27:16, 5.4187880, 95.6374210, 563.5
2021-03-12T09:27:17, 5.4187975, 95.6374210, 563.9
2021-03-12T09:27:18, 5.4188056, 95.6374130, 564.2
2021-03-12T09:27:19, 5.4188142, 95.6374130, 564.0
2021-03-12T09:27:20, 5.4188213, 95.6374130, 563.8
2021-03-12T09:27:21, 5.4188313, 95.6374050, 563.8
2021-03-12T09:27:22, 5.4188395, 95.6374050, 564.0
2021-03-12T09:27:23, 5.4188495, 95.6374050, 564.0
2021-03-12T09:27:24, 5.4188571, 95.6374050, 563.9
2021-03-12T09:27:25, 5.4188643, 95.6374050, 563.8
2021-03-12T09:27:26, 5.4188714, 95.6374050, 564.1
2021-03-12T09:27:27, 5.4188790, 95.6374050, 564.2
2021-03-12T09:27:28, 5.4188881, 95.6373980, 564.4
2021-03-12T09:27:29, 5.4188952, 95.6373980, 564.7
2021-03-12T09:27:30, 5.4189019, 95.6373980, 564.8
2021-03-12T09:27:31, 5.4189115, 95.6373980, 565.2
2021-03-12T09:27:32, 5.4189191, 95.6373900, 565.4
2021-03-12T09:27:33, 5.4189267, 95.6373900, 565.6
2021-03-12T09:27:35, 5.4189410, 95.6373900, 565.2
2021-03-12T09:27:36, 5.4189472, 95.6373900, 565.0
2021-03-12T09:27:37, 5.4189563, 95.6373900, 565.1
2021-03-12T09:27:38, 5.4189625, 95.6373900, 565.3
2021-03-12T09:27:39, 5.4189706, 95.6373900, 565.3
2021-03-12T09:27:40, 5.4189787, 95.6373900, 565.5
2021-03-12T09:27:41, 5.4189868, 95.6373900, 565.8
2021-03-12T09:27:42, 5.4189930, 95.6373900, 565.7
2021-03-12T09:27:43, 5.4190001, 95.6373900, 565.7
2021-03-12T09:27:44, 5.4190083, 95.6373900, 565.7
2021-03-12T09:27:45, 5.4190154, 95.6373900, 565.5
2021-03-12T09:27:46, 5.4190240, 95.6373830, 565.7
2021-03-12T09:27:47, 5.4190321, 95.6373830, 566.2
2021-03-12T09:27:48, 5.4190407, 95.6373830, 566.3
2021-03-12T09:27:49, 5.4190474, 95.6373750, 566.3
2021-03-12T09:27:50, 5.4190540, 95.6373750, 566.5
2021-03-12T09:27:51, 5.4190631, 95.6373750, 566.9
2021-03-12T09:27:52, 5.4190726, 95.6373750, 567.3
2021-03-12T09:27:53, 5.4190803, 95.6373750, 567.8
2021-03-12T09:27:54, 5.4190903, 95.6373830, 567.8
2021-03-12T09:27:55, 5.4190974, 95.6373830, 568.0
2021-03-12T09:27:56, 5.4191055, 95.6373830, 567.5
2021-03-12T09:27:57, 5.4191151, 95.6373900, 567.6
2021-03-12T09:27:58, 5.4191227, 95.6373830, 567.5
2021-03-12T09:27:59, 5.4191303, 95.6373900, 567.9
2021-03-12T09:28:00, 5.4191399, 95.6373900, 568.1
2021-03-12T09:28:01, 5.4191475, 95.6373900, 569.0
2021-03-12T09:28:02, 5.4191561, 95.6373900, 569.1
2021-03-12T09:28:03, 5.4191647, 95.6373900, 569.0
2021-03-12T09:28:04, 5.4191723, 95.6373980, 569.1
2021-03-12T09:28:05, 5.4191799, 95.6373980, 569.2
2021-03-12T09:28:06, 5.4191880, 95.6373980, 569.3
2021-03-12T09:28:07, 5.4191947, 95.6373980, 568.5
2021-03-12T09:28:08, 5.4192033, 95.6374050, 568.7
2021-03-12T09:28:09, 5.4192128, 95.6374050, 569.3
2021-03-12T09:28:10, 5.4192228, 95.6374050, 569.3
2021-03-12T09:28:11, 5.4192309, 95.6374050, 570.0
2021-03-12T09:28:12, 5.4192376, 95.6374050, 570.1
2021-03-12T09:28:14, 5.4192557, 95.6374050, 571.0
2021-03-12T09:28:15, 5.4192638, 95.6374050, 571.9
2021-03-12T09:28:16, 5.4192729, 95.6374050, 572.1
2021-03-12T09:28:17, 5.4192815, 95.6374130, 572.3
2021-03-12T09:28:18, 5.4192905, 95.6374130, 572.1
2021-03-12T09:28:19, 5.4192986, 95.6374130, 572.3
2021-03-12T09:28:20, 5.4193063, 95.6374210, 572.2
2021-03-12T09:28:21, 5.4193153, 95.6374210, 572.1
2021-03-12T09:28:22, 5.4193230, 95.6374210, 572.3
2021-03-12T09:28:23, 5.4193306, 95.6374210, 572.3
2021-03-12T09:28:24, 5.4193377, 95.6374210, 572.4
2021-03-12T09:28:25, 5.4193444, 95.6374280, 572.4
2021-03-12T09:28:26, 5.4193492, 95.6374280, 572.3
2021-03-12T09:28:27, 5.4193573, 95.6374280, 572.4
2021-03-12T09:28:28, 5.4193664, 95.6374360, 572.3
2021-03-12T09:28:29, 5.4193749, 95.6374360, 571.9
2021-03-12T09:28:30, 5.4193830, 95.6374440, 572.2
2021-03-12T09:28:31, 5.4193907, 95.6374440, 571.9
2021-03-12T09:28:32, 5.4194007, 95.6374440, 572.4
2021-03-12T09:28:33, 5.4194074, 95.6374440, 572.5
2021-03-12T09:28:34, 5.4194136, 95.6374510, 572.6
2021-03-12T09:28:35, 5.4194231, 95.6374510, 573.5
2021-03-12T09:28:36, 5.4194303, 95.6374510, 573.2
2021-03-12T09:28:37, 5.4194403, 95.6374510, 573.4
2021-03-12T09:28:38, 5.4194455, 95.6374590, 573.3
2021-03-12T09:28:39, 5.4194498, 95.6374660, 572.9
2021-03-12T09:28:40, 5.4194555, 95.6374660, 573.0
2021-03-12T09:28:41, 5.4194617, 95.6374740, 573.1
2021-03-12T09:28:42, 5.4194698, 95.6374740, 573.3
2021-03-12T09:28:43, 5.4194770, 95.6374820, 573.0
2021-03-12T09:28:44, 5.4194856, 95.6374820, 573.0
2021-03-12T09:28:45, 5.4194956, 95.6374820, 572.7
2021-03-12T09:28:46, 5.4195056, 95.6374890, 572.6
2021-03-12T09:28:47, 5.4195118, 95.6374890, 572.4
2021-03-12T09:28:48, 5.4195185, 95.6374890, 572.3
2021-03-12T09:28:49, 5.4195285, 95.6374890, 572.2
2021-03-12T09:28:50, 5.4195385, 95.6374890, 572.3
2021-03-12T09:28:51, 5.4195442, 95.6374970, 572.0
2021-03-12T09:28:52, 5.4195533, 95.6375050, 571.7
2021-03-12T09:28:54, 5.4195685, 95.6375120, 570.7
2021-03-12T09:28:55, 5.4195766, 95.6375120, 571.0
2021-03-12T09:28:56, 5.4195876, 95.6375200, 571.0
2021-03-12T09:28:57, 5.4195967, 95.6375200, 570.5
2021-03-12T09:28:58, 5.4196048, 95.6375200, 570.2
2021-03-12T09:28:59, 5.4196138, 95.6375270, 569.8
2021-03-12T09:29:00, 5.4196229, 95.6375270, 569.6
2021-03-12T09:29:01, 5.4196305, 95.6375270, 569.6
2021-03-12T09:29:02, 5.4196386, 95.6375270, 569.4
2021-03-12T09:29:03, 5.4196467, 95.6375270, 569.5
2021-03-12T09:29:04, 5.4196563, 95.6375270, 569.9
2021-03-12T09:29:05, 5.4196658, 95.6375270, 570.4
2021-03-12T09:29:06, 5.4196754, 95.6375350, 570.5
2021-03-12T09:29:07, 5.4196844, 95.6375350, 570.5
2021-03-12T09:29:08, 5.4196954, 95.6375350, 570.9
2021-03-12T09:29:09, 5.4197063, 95.6375430, 571.5
2021-03-12T09:29:10, 5.4197159, 95.6375430, 571.5
2021-03-12T09:29:11, 5.4197259, 95.6375430, 571.6
2021-03-12T09:29:12, 5.4197335, 95.6375500, 571.4
2021-03-12T09:29:13, 5.4197431, 95.6375500, 571.4
2021-03-12T09:29:14, 5.4197536, 95.6375500, 572.0
2021-03-12T09:29:15, 5.4197631, 95.6375580, 572.2
2021-03-12T09:29:16, 5.4197717, 95.6375580, 572.4
2021-03-12T09:29:17, 5.4197783, 95.6375660, 572.6
2021-03-12T09:29:18, 5.4197874, 95.6375660, 572.8
2021-03-12T09:29:19, 5.4197969, 95.6375660, 573.2
2021-03-12T09:29:20, 5.4198070, 95.6375730, 573.4
2021-03-12T09:29:21, 5.4198151, 95.6375730, 573.2
2021-03-12T09:29:22, 5.4198194, 95.6375810, 573.6
2021-03-12T09:29:23, 5.4198279, 95.6375810, 573.3
2021-03-12T09:29:24, 5.4198360, 95.6375810, 573.3
2021-03-12T09:29:25, 5.4198432, 95.6375890, 573.3
2021-03-12T09:29:26, 5.4198523, 95.6375890, 573.4
2021-03-12T09:29:27, 5.4198594, 95.6375960, 573.0
2021-03-12T09:29:28, 5.4198656, 95.6375960, 573.2
2021-03-12T09:29:29, 5.4198747, 95.6376040, 573.3
2021-03-12T09:29:30, 5.4198852, 95.6376040, 572.4
2021-03-12T09:29:31, 5.4198937, 95.6376040, 572.1
2021-03-12T09:29:33, 5.4199114, 95.6376110, 571.2
2021-03-12T09:29:34, 5.4199171, 95.6376190, 570.6
2021-03-12T09:29:35, 5.4199247, 95.6376190, 570.1
2021-03-12T09:29:36, 5.4199319, 95.6376190, 568.9
2021-03-12T09:29:37, 5.4199414, 95.6376190, 569.1
2021-03-12T09:29:38, 5.4199519, 95.6376190, 569.6
2021-03-12T09:29:39, 5.4199600, 95.6376270, 569.9
2021-03-12T09:29:40, 5.4199672, 95.6376270, 570.6
2021-03-12T09:29:41, 5.4199791, 95.6376340, 570.5
2021-03-12T09:29:42, 5.4199886, 95.6376340, 571.0
2021-03-12T09:29:43, 5.4199986, 95.6376340, 571.3
2021-03-12T09:29:44, 5.4200101, 95.6376340, 571.4
2021-03-12T09:29:45, 5.4200206, 95.6376340, 571.5
2021-03-12T09:29:46, 5.4200335, 95.6376340, 571.7
2021-03-12T09:29:47, 5.4200439, 95.6376420, 570.5
2021-03-12T09:29:48, 5.4200535, 95.6376420, 570.7
2021-03-12T09:29:49, 5.4200635, 95.6376420, 571.2
2021-03-12T09:29:50, 5.4200711, 95.6376420, 571.5
2021-03-12T09:29:51, 5.4200811, 95.6376420, 571.6
2021-03-12T09:29:52, 5.4200916, 95.6376420, 572.2
2021-03-12T09:29:53, 5.4200993, 95.6376420, 572.3
2021-03-12T09:29:54, 5.4201078, 95.6376420, 572.8
2021-03-12T09:29:55, 5.4201169, 95.6376420, 572.9
2021-03-12T09:29:56, 5.4201264, 95.6376420, 573.1
2021-03-12T09:29:57, 5.4201341, 95.6376420, 573.5
2021-03-12T09:29:58, 5.4201412, 95.6376420, 573.6
2021-03-12T09:29:59, 5.4201498, 95.6376420, 573.6
2021-03-12T09:30:00, 5.4201589, 95.6376420, 573.39
2021-03-12T09:30:01, 5.4201674, 95.6376420, 573.69
2021-03-12T09:30:02, 5.4201765, 95.6376500, 573.89
2021-03-12T09:30:03, 5.4201841, 95.6376500, 573.69
2021-03-12T09:30:04, 5.4201913, 95.6376500, 573.79
2021-03-12T09:30:05, 5.4201999, 95.6376500, 573.59
2021-03-12T09:30:06, 5.4202094, 95.6376500, 573.39
2021-03-12T09:30:07, 5.4202175, 95.6376570, 573.79
2021-03-12T09:30:08, 5.4202280, 95.6376570, 573.99
2021-03-12T09:30:09, 5.4202361, 95.6376650, 574.19
2021-03-12T09:30:10, 5.4202428, 95.6376720, 574.29
2021-03-12T09:30:11, 5.4202495, 95.6376800, 573.99
2021-03-12T09:30:13, 5.4202647, 95.6376880, 574.09
2021-03-12T09:30:14, 5.4202743, 95.6376880, 574.79
2021-03-12T09:30:15, 5.4202819, 95.6376950, 575.39
2021-03-12T09:30:16, 5.4202890, 95.6377030, 575.49
2021-03-12T09:30:17, 5.4202971, 95.6377030, 575.89
2021-03-12T09:30:18, 5.4203038, 95.6377110, 575.69
2021-03-12T09:30:19, 5.4203105, 95.6377180, 575.49
2021-03-12T09:30:20, 5.4203186, 95.6377260, 575.69
2021-03-12T09:30:21, 5.4203272, 95.6377260, 575.79
2021-03-12T09:30:22, 5.4203377, 95.6377260, 576.49
2021-03-12T09:30:23, 5.4203458, 95.6377330, 576.79
2021-03-12T09:30:24, 5.4203529, 95.6377410, 576.99
2021-03-12T09:30:25, 5.4203615, 95.6377490, 577.39
2021-03-12T09:30:26, 5.4203691, 95.6377560, 577.49
2021-03-12T09:30:27, 5.4203763, 95.6377560, 577.89
2021-03-12T09:30:28, 5.4203839, 95.6377640, 578.69
2021-03-12T09:30:29, 5.4203920, 95.6377640, 579.29
2021-03-12T09:30:30, 5.4203973, 95.6377720, 578.79
2021-03-12T09:30:31, 5.4204040, 95.6377790, 578.79
2021-03-12T09:30:32, 5.4204121, 95.6377870, 578.89
2021-03-12T09:30:33, 5.4204192, 95.6377940, 578.79
2021-03-12T09:30:34, 5.4204264, 95.6378020, 578.69
2021-03-12T09:30:35, 5.4204335, 95.6378020, 579.09
2021-03-12T09:30:36, 5.4204426, 95.6378020, 579.89
2021-03-12T09:30:37, 5.4204526, 95.6378170, 580.39
2021-03-12T09:30:38, 5.4204607, 95.6378250, 580.39
2021-03-12T09:30:39, 5.4204659, 95.6378330, 580.49
2021-03-12T09:30:40, 5.4204726, 95.6378400, 580.49
2021-03-12T09:30:41, 5.4204783, 95.6378480, 580.59
2021-03-12T09:30:42, 5.4204865, 95.6378560, 581.29
2021-03-12T09:30:43, 5.4204926, 95.6378630, 581.79
2021-03-12T09:30:44, 5.4205003, 95.6378710, 582.49
2021-03-12T09:30:45, 5.4205074, 95.6378780, 582.39
2021-03-12T09:30:46, 5.4205151, 95.6378860, 582.39
2021-03-12T09:30:47, 5.4205232, 95.6378860, 582.19
2021-03-12T09:30:48, 5.4205308, 95.6378940, 581.89
2021-03-12T09:30:49, 5.4205384, 95.6379090, 581.89
2021-03-12T09:30:51, 5.4205518, 95.6379240, 581.39
2021-03-12T09:30:52, 5.4205599, 95.6379240, 580.99
2021-03-12T09:30:53, 5.4205680, 95.6379320, 581.09
2021-03-12T09:30:54, 5.4205761, 95.6379390, 581.09
2021-03-12T09:30:55, 5.4205832, 95.6379470, 581.10
2021-03-12T09:30:56, 5.4205918, 95.6379550, 581.10
2021-03-12T09:30:57, 5.4206028, 95.6379550, 581.70
2021-03-12T09:30:58, 5.4206090, 95.6379620, 581.80
2021-03-12T09:30:59, 5.4206133, 95.6379620, 581.60
2021-03-12T09:31:00, 5.4206190, 95.6379700, 581.9
2021-03-12T09:31:01, 5.4206271, 95.6379780, 582.1
2021-03-12T09:31:02, 5.4206362, 95.6379850, 581.6
2021-03-12T09:31:03, 5.4206433, 95.6379930, 580.9
2021-03-12T09:31:04, 5.4206491, 95.6380000, 580.9
2021-03-12T09:31:05, 5.4206567, 95.6380080, 581.5
2021-03-12T09:31:06, 5.4206624, 95.6380160, 581.5
2021-03-12T09:31:07, 5.4206672, 95.6380230, 581.7
2021-03-12T09:31:08, 5.4206762, 95.6380230, 582.1
2021-03-12T09:31:09, 5.4206843, 95.6380310, 581.7
2021-03-12T09:31:10, 5.4206915, 95.6380390, 581.3
2021-03-12T09:31:11, 5.4206982, 95.6380460, 581.4
2021-03-12T09:31:12, 5.4207048, 95.6380540, 581.7
2021-03-12T09:31:13, 5.4207120, 95.6380620, 581.6
2021-03-12T09:31:14, 5.4207201, 95.6380690, 581.3
2021-03-12T09:31:15, 5.4207277, 95.6380690, 580.6
2021-03-12T09:31:16, 5.4207349, 95.6380770, 580.8
2021-03-12T09:31:17, 5.4207425, 95.6380840, 580.7
2021-03-12T09:31:18, 5.4207511, 95.6380840, 580.9
2021-03-12T09:31:19, 5.4207582, 95.6380920, 581.2
2021-03-12T09:31:20, 5.4207635, 95.6381000, 581.2
2021-03-12T09:31:21, 5.4207711, 95.6381070, 581.5
2021-03-12T09:31:22, 5.4207773, 95.6381150, 581.5
2021-03-12T09:31:23, 5.4207816, 95.6381150, 581.7
2021-03-12T09:31:24, 5.4207892, 95.6381230, 581.6
2021-03-12T09:31:25, 5.4207983, 95.6381230, 581.9
2021-03-12T09:31:26, 5.4208055, 95.6381300, 581.3
2021-03-12T09:31:27, 5.4208121, 95.6381380, 580.7
2021-03-12T09:31:28, 5.4208193, 95.6381450, 580.4
2021-03-12T09:31:30, 5.4208336, 95.6381530, 581.0
2021-03-12T09:31:31, 5.4208431, 95.6381610, 581.4
2021-03-12T09:31:32, 5.4208517, 95.6381610, 581.6
2021-03-12T09:31:33, 5.4208555, 95.6381680, 581.6
2021-03-12T09:31:34, 5.4208636, 95.6381760, 581.8
2021-03-12T09:31:35, 5.4208708, 95.6381760, 582.1
2021-03-12T09:31:36, 5.4208770, 95.6381840, 582.1
2021-03-12T09:31:37, 5.4208856, 95.6381840, 582.7
2021-03-12T09:31:38, 5.4208941, 95.6381910, 583.0
2021-03-12T09:31:39, 5.4209046, 95.6381910, 583.4
2021-03-12T09:31:40, 5.4209099, 95.6381990, 584.0
2021-03-12T09:31:41, 5.4209146, 95.6381990, 584.4
2021-03-12T09:31:42, 5.4209247, 95.6382060, 584.3
2021-03-12T09:31:43, 5.4209332, 95.6382060, 584.5
2021-03-12T09:31:44, 5.4209442, 95.6382060, 584.6
2021-03-12T09:31:45, 5.4209538, 95.6382060, 584.6
2021-03-12T09:31:46, 5.4209633, 95.6382060, 584.7
2021-03-12T09:31:47, 5.4209714, 95.6382060, 584.6
2021-03-12T09:31:48, 5.4209795, 95.6382140, 585.1
2021-03-12T09:31:49, 5.4209871, 95.6382140, 585.8
2021-03-12T09:31:50, 5.4209933, 95.6382140, 586.0
2021-03-12T09:31:51, 5.4209971, 95.6382220, 586.4
2021-03-12T09:31:52, 5.4210024, 95.6382220, 586.8
2021-03-12T09:31:53, 5.4210091, 95.6382290, 586.9
2021-03-12T09:31:54, 5.4210176, 95.6382290, 587.3
2021-03-12T09:31:55, 5.4210286, 95.6382290, 587.4
2021-03-12T09:31:56, 5.4210391, 95.6382290, 587.5
2021-03-12T09:31:57, 5.4210486, 95.6382290, 587.6
2021-03-12T09:31:58, 5.4210591, 95.6382290, 587.7
2021-03-12T09:31:59, 5.4210711, 95.6382290, 587.9
2021-03-12T09:32:00, 5.4210777, 95.6382290, 587.9
2021-03-12T09:32:01, 5.4210849, 95.6382290, 588.3
2021-03-12T09:32:02, 5.4210906, 95.6382290, 588.3
2021-03-12T09:32:03, 5.4210968, 95.6382290, 588.5
2021-03-12T09:32:04, 5.4211011, 95.6382290, 588.9
2021-03-12T09:32:05, 5.4211082, 95.6382290, 590.6
2021-03-12T09:32:06, 5.4211173, 95.6382290, 591.5
2021-03-12T09:32:07, 5.4211287, 95.6382290, 591.7
2021-03-12T09:32:08, 5.4211378, 95.6382220, 590.4
2021-03-12T09:32:10, 5.4211531, 95.6382220, 590.8
2021-03-12T09:32:11, 5.4211607, 95.6382220, 590.8
2021-03-12T09:32:12, 5.4211679, 95.6382220, 591.3
2021-03-12T09:32:13, 5.4211736, 95.6382140, 590.9
2021-03-12T09:32:14, 5.4211855, 95.6382140, 590.9
2021-03-12T09:32:15, 5.4211946, 95.6382060, 591.2
2021-03-12T09:32:16, 5.4211979, 95.6382060, 591.3
2021-03-12T09:32:17, 5.4212050, 95.6382060, 592.0
2021-03-12T09:32:18, 5.4212112, 95.6382060, 591.6
2021-03-12T09:32:19, 5.4212189, 95.6381990, 591.6
2021-03-12T09:32:20, 5.4212289, 95.6381990, 592.1
2021-03-12T09:32:21, 5.4212375, 95.6381990, 592.0
2021-03-12T09:32:22, 5.4212480, 95.6381990, 592.1
2021-03-12T09:32:23, 5.4212561, 95.6381910, 592.0
2021-03-12T09:32:24, 5.4212642, 95.6381910, 591.5
2021-03-12T09:32:25, 5.4212737, 95.6381840, 591.5
2021-03-12T09:32:26, 5.4212832, 95.6381840, 591.2
2021-03-12T09:32:27, 5.4212894, 95.6381840, 591.0
2021-03-12T09:32:28, 5.4212971, 95.6381840, 591.0
2021-03-12T09:32:29, 5.4213042, 95.6381760, 590.7
2021-03-12T09:32:30, 5.4213128, 95.6381760, 590.7
2021-03-12T09:32:31, 5.4213219, 95.6381760, 590.9
2021-03-12T09:32:32, 5.4213295, 95.6381760, 591.2
2021-03-12T09:32:33, 5.4213367, 95.6381760, 590.9
2021-03-12T09:32:34, 5.4213424, 95.6381760, 590.7
2021-03-12T09:32:35, 5.4213510, 95.6381680, 590.5
2021-03-12T09:32:36, 5.4213638, 95.6381680, 590.4
2021-03-12T09:32:37, 5.4213729, 95.6381680, 590.6
2021-03-12T09:32:38, 5.4213805, 95.6381680, 590.6
2021-03-12T09:32:39, 5.4213881, 95.6381680, 590.5
2021-03-12T09:32:40, 5.4213963, 95.6381680, 590.6
2021-03-12T09:32:41, 5.4214025, 95.6381610, 590.5
2021-03-12T09:32:42, 5.4214110, 95.6381610, 590.5
2021-03-12T09:32:43, 5.4214187, 95.6381610, 591.1
2021-03-12T09:32:44, 5.4214263, 95.6381610, 590.8
2021-03-12T09:32:45, 5.4214344, 95.6381610, 591.1
2021-03-12T09:32:46, 5.4214435, 95.6381530, 591.2
2021-03-12T09:32:48, 5.4214582, 95.6381450, 592.1
2021-03-12T09:32:49, 5.4214606, 95.6381450, 592.1
2021-03-12T09:32:50, 5.4214664, 95.6381450, 592.1
2021-03-12T09:32:51, 5.4214740, 95.6381380, 592.3
2021-03-12T09:32:52, 5.4214826, 95.6381380, 592.4
2021-03-12T09:32:53, 5.4214907, 95.6381380, 592.5
2021-03-12T09:32:54, 5.4214983, 95.6381300, 593.1
2021-03-12T09:32:55, 5.4215055, 95.6381230, 592.7
2021-03-12T09:32:56, 5.4215107, 95.6381230, 592.7
2021-03-12T09:32:57, 5.4215178, 95.6381150, 592.9
2021-03-12T09:32:58, 5.4215250, 95.6381070, 593.3
2021-03-12T09:32:59, 5.4215322, 95.6381070, 593.3
2021-03-12T09:33:00, 5.4215379, 95.6381070, 593.7
2021-03-12T09:33:01, 5.4215441, 95.6381000, 593.8
2021-03-12T09:33:02, 5.4215479, 95.6381000, 594.4
2021-03-12T09:33:03, 5.4215527, 95.6381000, 594.5
2021-03-12T09:33:04, 5.4215593, 95.6380920, 594.4
2021-03-12T09:33:05, 5.4215651, 95.6380840, 594.5
2021-03-12T09:33:06, 5.4215713, 95.6380840, 594.5
2021-03-12T09:33:07, 5.4215779, 95.6380840, 595.0
2021-03-12T09:33:08, 5.4215841, 95.6380840, 595.0
2021-03-12T09:33:09, 5.4215903, 95.6380770, 595.2
2021-03-12T09:33:10, 5.4215956, 95.6380690, 595.4
2021-03-12T09:33:11, 5.4216013, 95.6380620, 595.4
2021-03-12T09:33:12, 5.4216075, 95.6380460, 595.7
2021-03-12T09:33:13, 5.4216123, 95.6380460, 595.8
2021-03-12T09:33:14, 5.4216170, 95.6380390, 595.8
2021-03-12T09:33:15, 5.4216213, 95.6380310, 595.9
2021-03-12T09:33:16, 5.4216266, 95.6380230, 595.7
2021-03-12T09:33:17, 5.4216313, 95.6380160, 596.0
2021-03-12T09:33:18, 5.4216342, 95.6380080, 595.9
2021-03-12T09:33:19, 5.4216371, 95.6380000, 596.0
2021-03-12T09:33:20, 5.4216399, 95.6379930, 595.8
2021-03-12T09:33:21, 5.4216404, 95.6379850, 596.2
2021-03-12T09:33:22, 5.4216413, 95.6379780, 596.2
2021-03-12T09:33:23, 5.4216466, 95.6379620, 596.2
2021-03-12T09:33:24, 5.4216514, 95.6379620, 596.2
2021-03-12T09:33:25, 5.4216571, 95.6379620, 596.6
2021-03-12T09:33:26, 5.4216585, 95.6379470, 596.6
2021-03-12T09:33:28, 5.4216604, 95.6379320, 597.2
2021-03-12T09:33:29, 5.4216619, 95.6379240, 597.3
2021-03-12T09:33:30, 5.4216609, 95.6379240, 597.3
2021-03-12T09:33:31, 5.4216595, 95.6379170, 597.2
2021-03-12T09:33:32, 5.4216580, 95.6379170, 597.1
2021-03-12T09:33:33, 5.4216619, 95.6379170, 597.3
2021-03-12T09:33:34, 5.4216676, 95.6379170, 597.4
2021-03-12T09:33:35, 5.4216723, 95.6379090, 596.5
2021-03-12T09:33:36, 5.4216752, 95.6379090, 596.9
2021-03-12T09:33:37, 5.4216790, 95.6379090, 597.0
2021-03-12T09:33:38, 5.4216776, 95.6379010, 597.2
2021-03-12T09:33:39, 5.4216752, 95.6379010, 597.7
2021-03-12T09:33:40, 5.4216757, 95.6379010, 598.1
2021-03-12T09:33:41, 5.4216752, 95.6379010, 598.0
2021-03-12T09:33:42, 5.4216776, 95.6379010, 598.3
2021-03-12T09:33:43, 5.4216723, 95.6379010, 598.2
2021-03-12T09:33:44, 5.4216733, 95.6379010, 596.5
2021-03-12T09:33:45, 5.4216743, 95.6379010, 595.2
2021-03-12T09:33:46, 5.4216757, 95.6379010, 595.0
2021-03-12T09:33:47, 5.4216781, 95.6379010, 595.1
2021-03-12T09:33:48, 5.4216790, 95.6379010, 595.1
2021-03-12T09:33:49, 5.4216785, 95.6379010, 595.4
2021-03-12T09:33:50, 5.4216762, 95.6379010, 595.5
2021-03-12T09:33:51, 5.4216700, 95.6379090, 596.1
2021-03-12T09:33:52, 5.4216671, 95.6379090, 597.0
2021-03-12T09:33:53, 5.4216647, 95.6379090, 597.7
2021-03-12T09:33:54, 5.4216638, 95.6379090, 598.1
2021-03-12T09:33:55, 5.4216642, 95.6379090, 598.6
2021-03-12T09:33:56, 5.4216638, 95.6379090, 599.0
2021-03-12T09:33:57, 5.4216633, 95.6379170, 599.2
2021-03-12T09:33:58, 5.4216619, 95.6379170, 599.0
2021-03-12T09:33:59, 5.4216599, 95.6379240, 599.5
2021-03-12T09:34:00, 5.4216595, 95.6379240, 599.9
2021-03-12T09:34:01, 5.4216580, 95.6379240, 600.1
2021-03-12T09:34:02, 5.4216580, 95.6379240, 600.8
2021-03-12T09:34:03, 5.4216571, 95.6379240, 601.0
2021-03-12T09:34:04, 5.4216557, 95.6379170, 601.5
2021-03-12T09:34:05, 5.4216561, 95.6379170, 602.2
2021-03-12T09:34:06, 5.4216561, 95.6379170, 602.4
2021-03-12T09:34:08, 5.4216571, 95.6379170, 602.8
2021-03-12T09:34:09, 5.4216561, 95.6379170, 602.7
2021-03-12T09:34:10, 5.4216552, 95.6379170, 602.8
2021-03-12T09:34:11, 5.4216561, 95.6379090, 602.9
2021-03-12T09:34:12, 5.4216571, 95.6379090, 602.4
2021-03-12T09:34:13, 5.4216571, 95.6379090, 602.1
2021-03-12T09:34:14, 5.4216571, 95.6379090, 602.0
2021-03-12T09:34:15, 5.4216571, 95.6379090, 601.8
2021-03-12T09:34:16, 5.4216566, 95.6379090, 601.9
2021-03-12T09:34:17, 5.4216561, 95.6379090, 602.1
2021-03-12T09:34:18, 5.4216566, 95.6379090, 602.0
2021-03-12T09:34:19, 5.4216561, 95.6379090, 601.9
2021-03-12T09:34:20, 5.4216561, 95.6379090, 601.8
2021-03-12T09:34:21, 5.4216571, 95.6379090, 601.8
2021-03-12T09:34:22, 5.4216571, 95.6379090, 601.6
2021-03-12T09:34:23, 5.4216571, 95.6379090, 601.5
2021-03-12T09:34:24, 5.4216571, 95.6379090, 601.5
2021-03-12T09:34:25, 5.4216566, 95.6379090, 601.4
2021-03-12T09:34:26, 5.4216561, 95.6379090, 601.3
2021-03-12T09:34:27, 5.4216557, 95.6379090, 601.4
2021-03-12T09:34:28, 5.4216561, 95.6379090, 601.4
2021-03-12T09:34:29, 5.4216557, 95.6379090, 601.3
2021-03-12T09:34:30, 5.4216571, 95.6379090, 601.2
2021-03-12T09:34:31, 5.4216571, 95.6379090, 601.1
2021-03-12T09:34:32, 5.4216576, 95.6379090, 601.1
2021-03-12T09:34:33, 5.4216599, 95.6379090, 601.2
2021-03-12T09:34:34, 5.4216619, 95.6379090, 601.1
2021-03-12T09:34:35, 5.4216628, 95.6379010, 601.1
2021-03-12T09:34:36, 5.4216638, 95.6379010, 601.1
2021-03-12T09:34:37, 5.4216642, 95.6379010, 600.8
2021-03-12T09:34:38, 5.4216657, 95.6379010, 600.7
2021-03-12T09:34:39, 5.4216666, 95.6379090, 600.9
2021-03-12T09:34:40, 5.4216671, 95.6379090, 600.8
2021-03-12T09:34:41, 5.4216671, 95.6379090, 601.1
2021-03-12T09:34:42, 5.4216666, 95.6379090, 601.3
2021-03-12T09:34:43, 5.4216671, 95.6379090, 601.5
2021-03-12T09:34:45, 5.4216666, 95.6379090, 601.9
2021-03-12T09:34:46, 5.4216671, 95.6379090, 602.0
2021-03-12T09:34:47, 5.4216671, 95.6379090, 602.1
2021-03-12T09:34:48, 5.4216671, 95.6379090, 602.3
2021-03-12T09:34:49, 5.4216676, 95.6379090, 602.6
2021-03-12T09:34:50, 5.4216671, 95.6379090, 602.9
2021-03-12T09:34:51, 5.4216671, 95.6379170, 603.2
2021-03-12T09:34:52, 5.4216671, 95.6379170, 603.2
2021-03-12T09:34:53, 5.4216671, 95.6379170, 603.3
2021-03-12T09:34:54, 5.4216666, 95.6379170, 603.4
2021-03-12T09:34:55, 5.4216666, 95.6379170, 603.7
2021-03-12T09:34:56, 5.4216671, 95.6379170, 603.8
2021-03-12T09:34:57, 5.4216671, 95.6379170, 604.0
2021-03-12T09:34:58, 5.4216666, 95.6379170, 604.1
2021-03-12T09:34:59, 5.4216661, 95.6379170, 604.3
2021-03-12T09:35:00, 5.4216671, 95.6379170, 604.2
2021-03-12T09:35:01, 5.4216661, 95.6379170, 604.0
2021-03-12T09:35:02, 5.4216671, 95.6379170, 604.5
2021-03-12T09:35:03, 5.4216676, 95.6379090, 604.3
2021-03-12T09:35:04, 5.4216676, 95.6379090, 604.1
2021-03-12T09:35:05, 5.4216681, 95.6379090, 604.1
2021-03-12T09:35:06, 5.4216695, 95.6379170, 604.1
2021-03-12T09:35:07, 5.4216685, 95.6379170, 603.9
2021-03-12T09:35:08, 5.4216676, 95.6379170, 604.3
2021-03-12T09:35:09, 5.4216676, 95.6379170, 604.8
2021-03-12T09:35:10, 5.4216671, 95.6379170, 604.9
2021-03-12T09:35:11, 5.4216661, 95.6379170, 605.3
2021-03-12T09:35:12, 5.4216657, 95.6379170, 605.4
2021-03-12T09:35:13, 5.4216652, 95.6379170, 605.7
2021-03-12T09:35:14, 5.4216647, 95.6379170, 606.1
2021-03-12T09:35:15, 5.4216647, 95.6379170, 606.4
2021-03-12T09:35:16, 5.4216642, 95.6379170, 606.3
2021-03-12T09:35:17, 5.4216642, 95.6379170, 606.5
2021-03-12T09:35:18, 5.4216642, 95.6379170, 606.8
2021-03-12T09:35:19, 5.4216642, 95.6379170, 606.7
2021-03-12T09:35:20, 5.4216638, 95.6379170, 606.6
2021-03-12T09:35:21, 5.4216642, 95.6379170, 606.7
2021-03-12T09:35:22, 5.4216633, 95.6379170, 606.7
2021-03-12T09:35:23, 5.4216642, 95.6379170, 606.8
2021-03-12T09:35:25, 5.4216642, 95.6379240, 606.8
2021-03-12T09:35:26, 5.4216642, 95.6379240, 606.9
2021-03-12T09:35:27, 5.4216638, 95.6379240, 606.7
2021-03-12T09:35:28, 5.4216638, 95.6379240, 606.5
2021-03-12T09:35:29, 5.4216628, 95.6379240, 606.8
2021-03-12T09:35:30, 5.4216642, 95.6379240, 606.7
2021-03-12T09:35:31, 5.4216642, 95.6379240, 606.7
2021-03-12T09:35:32, 5.4216657, 95.6379240, 606.8
2021-03-12T09:35:33, 5.4216652, 95.6379240, 606.6
2021-03-12T09:35:34, 5.4216642, 95.6379240, 606.2
2021-03-12T09:35:35, 5.4216642, 95.6379240, 606.2
2021-03-12T09:35:36, 5.4216647, 95.6379240, 606.3
2021-03-12T09:35:37, 5.4216666, 95.6379240, 606.4
2021-03-12T09:35:38, 5.4216676, 95.6379240, 606.2
2021-03-12T09:35:39, 5.4216690, 95.6379240, 606.1
2021-03-12T09:35:40, 5.4216695, 95.6379240, 606.1
2021-03-12T09:35:41, 5.4216690, 95.6379170, 606.1
2021-03-12T09:35:42, 5.4216700, 95.6379170, 606.4
2021-03-12T09:35:43, 5.4216714, 95.6379170, 606.3
2021-03-12T09:35:44, 5.4216728, 95.6379170, 606.1
2021-03-12T09:35:45, 5.4216743, 95.6379170, 605.9
2021-03-12T09:35:46, 5.4216752, 95.6379170, 605.8
2021-03-12T09:35:47, 5.4216752, 95.6379170, 605.6
2021-03-12T09:35:48, 5.4216766, 95.6379170, 605.4
2021-03-12T09:35:49, 5.4216785, 95.6379170, 605.0
2021-03-12T09:35:50, 5.4216800, 95.6379170, 604.8
2021-03-12T09:35:51, 5.4216809, 95.6379170, 604.6
2021-03-12T09:35:52, 5.4216814, 95.6379170, 604.3
2021-03-12T09:35:53, 5.4216743, 95.6379240, 604.3
2021-03-12T09:35:54, 5.4216747, 95.6379240, 604.5
2021-03-12T09:35:55, 5.4216738, 95.6379240, 604.3
2021-03-12T09:35:56, 5.4216738, 95.6379240, 604.6
2021-03-12T09:35:57, 5.4216719, 95.6379170, 604.7
2021-03-12T09:35:58, 5.4216738, 95.6379170, 605.1
2021-03-12T09:35:59, 5.4216752, 95.6379170, 605.2
2021-03-12T09:36:00, 5.4216747, 95.6379170, 605.0
2021-03-12T09:36:01, 5.4216752, 95.6379090, 605.2
2021-03-12T09:36:03, 5.4216766, 95.6379090, 605.3
2021-03-12T09:36:04, 5.4216776, 95.6379090, 605.3
2021-03-12T09:36:05, 5.4216790, 95.6379090, 605.3
2021-03-12T09:36:06, 5.4216795, 95.6379090, 605.4
2021-03-12T09:36:07, 5.4216795, 95.6379010, 605.4
2021-03-12T09:36:08, 5.4216800, 95.6379010, 605.5
2021-03-12T09:36:09, 5.4216809, 95.6379010, 605.5
2021-03-12T09:36:10, 5.4216809, 95.6379010, 605.6
2021-03-12T09:36:11, 5.4216819, 95.6379010, 605.7
2021-03-12T09:36:12, 5.4216824, 95.6379010, 605.7
2021-03-12T09:36:13, 5.4216824, 95.6379010, 605.6
2021-03-12T09:36:14, 5.4216819, 95.6379010, 605.6
2021-03-12T09:36:15, 5.4216819, 95.6379090, 605.4
2021-03-12T09:36:16, 5.4216824, 95.6379090, 605.3
2021-03-12T09:36:17, 5.4216819, 95.6379090, 605.3
2021-03-12T09:36:18, 5.4216819, 95.6379090, 605.5
2021-03-12T09:36:19, 5.4216809, 95.6379090, 605.3
2021-03-12T09:36:20, 5.4216809, 95.6379170, 605.5
2021-03-12T09:36:21, 5.4216795, 95.6379170, 605.5
2021-03-12T09:36:22, 5.4216785, 95.6379170, 605.7
2021-03-12T09:36:23, 5.4216771, 95.6379170, 605.8
2021-03-12T09:36:24, 5.4216766, 95.6379170, 606.2
2021-03-12T09:36:25, 5.4216771, 95.6379170, 606.5
2021-03-12T09:36:26, 5.4216771, 95.6379170, 606.7
2021-03-12T09:36:27, 5.4216766, 95.6379170, 607.2
2021-03-12T09:36:28, 5.4216762, 95.6379170, 607.5
2021-03-12T09:36:29, 5.4216752, 95.6379170, 607.7
2021-03-12T09:36:30, 5.4216743, 95.6379170, 608.0
2021-03-12T09:36:31, 5.4216733, 95.6379170, 608.2
2021-03-12T09:36:32, 5.4216733, 95.6379170, 608.7
2021-03-12T09:36:33, 5.4216728, 95.6379170, 608.5
2021-03-12T09:36:34, 5.4216728, 95.6379170, 608.6
2021-03-12T09:36:35, 5.4216719, 95.6379170, 608.3
2021-03-12T09:36:36, 5.4216719, 95.6379170, 608.2
2021-03-12T09:36:37, 5.4216709, 95.6379240, 608.3
2021-03-12T09:36:38, 5.4216695, 95.6379240, 608.3
2021-03-12T09:36:39, 5.4216695, 95.6379240, 608.4
2021-03-12T09:36:40, 5.4216695, 95.6379240, 608.4
2021-03-12T09:36:41, 5.4216690, 95.6379240, 608.3
2021-03-12T09:36:43, 5.4216704, 95.6379240, 608.4
2021-03-12T09:36:44, 5.4216719, 95.6379240, 608.2
2021-03-12T09:36:45, 5.4216728, 95.6379240, 608.1
2021-03-12T09:36:46, 5.4216738, 95.6379240, 608.0
2021-03-12T09:36:47, 5.4216747, 95.6379240, 607.5
2021-03-12T09:36:48, 5.4216743, 95.6379240, 607.3
2021-03-12T09:36:49, 5.4216747, 95.6379240, 607.1
2021-03-12T09:36:50, 5.4216714, 95.6379240, 606.8
2021-03-12T09:36:51, 5.4216628, 95.6379240, 606.9
2021-03-12T09:36:52, 5.4216614, 95.6379240, 607.1
2021-03-12T09:36:53, 5.4216595, 95.6379240, 606.6
2021-03-12T09:36:54, 5.4216557, 95.6379240, 606.7
2021-03-12T09:36:55, 5.4216547, 95.6379240, 606.7
2021-03-12T09:36:56, 5.4216547, 95.6379240, 606.5
2021-03-12T09:36:57, 5.4216547, 95.6379240, 606.4
2021-03-12T09:36:58, 5.4216537, 95.6379320, 606.3
2021-03-12T09:36:59, 5.4216547, 95.6379240, 606.2
2021-03-12T09:37:00, 5.4216547, 95.6379240, 606.1
2021-03-12T09:37:01, 5.4216537, 95.6379320, 606.2
2021-03-12T09:37:02, 5.4216528, 95.6379390, 606.4
2021-03-12T09:37:03, 5.4216518, 95.6379390, 606.8
2021-03-12T09:37:04, 5.4216509, 95.6379390, 607.1
2021-03-12T09:37:05, 5.4216523, 95.6379390, 607.2
2021-03-12T09:37:06, 5.4216537, 95.6379390, 607.1
2021-03-12T09:37:07, 5.4216537, 95.6379390, 607.2
2021-03-12T09:37:08, 5.4216542, 95.6379390, 607.2
2021-03-12T09:37:09, 5.4216547, 95.6379390, 607.1
2021-03-12T09:37:10, 5.4216557, 95.6379390, 607.0
2021-03-12T09:37:11, 5.4216552, 95.6379390, 607.1
2021-03-12T09:37:12, 5.4216552, 95.6379390, 607.3
2021-03-12T09:37:13, 5.4216552, 95.6379390, 607.4
2021-03-12T09:37:14, 5.4216552, 95.6379390, 607.4
2021-03-12T09:37:15, 5.4216552, 95.6379390, 607.5
2021-03-12T09:37:16, 5.4216561, 95.6379390, 607.5
2021-03-12T09:37:17, 5.4216566, 95.6379390, 607.2
2021-03-12T09:37:18, 5.4216566, 95.6379320, 607.1
2021-03-12T09:37:19, 5.4216571, 95.6379320, 607.1
2021-03-12T09:37:20, 5.4216566, 95.6379320, 606.9
2021-03-12T09:37:22, 5.4216566, 95.6379320, 607.2
2021-03-12T09:37:23, 5.4216566, 95.6379320, 607.1
2021-03-12T09:37:24, 5.4216571, 95.6379320, 607.1
2021-03-12T09:37:25, 5.4216576, 95.6379320, 607.3
2021-03-12T09:37:26, 5.4216590, 95.6379320, 606.6
2021-03-12T09:37:27, 5.4216595, 95.6379240, 606.5
2021-03-12T09:37:28, 5.4216604, 95.6379240, 606.1
2021-03-12T09:37:29, 5.4216609, 95.6379240, 605.9
2021-03-12T09:37:30, 5.4216619, 95.6379240, 605.8
2021-03-12T09:37:31, 5.4216623, 95.6379240, 605.6
2021-03-12T09:37:32, 5.4216633, 95.6379240, 605.5
2021-03-12T09:37:33, 5.4216638, 95.6379240, 605.3
2021-03-12T09:37:34, 5.4216642, 95.6379240, 605.3
2021-03-12T09:37:35, 5.4216642, 95.6379240, 605.2
2021-03-12T09:37:36, 5.4216642, 95.6379240, 605.2
2021-03-12T09:37:37, 5.4216647, 95.6379240, 605.1
2021-03-12T09:37:38, 5.4216647, 95.6379240, 604.9
2021-03-12T09:37:39, 5.4216652, 95.6379240, 604.8
2021-03-12T09:37:40, 5.4216647, 95.6379240, 604.5
2021-03-12T09:37:41, 5.4216652, 95.6379240, 604.5
2021-03-12T09:37:42, 5.4216657, 95.6379240, 604.3
2021-03-12T09:37:43, 5.4216657, 95.6379240, 604.2
2021-03-12T09:37:44, 5.4216666, 95.6379240, 604.0
2021-03-12T09:37:45, 5.4216666, 95.6379240, 603.8
2021-03-12T09:37:46, 5.4216671, 95.6379240, 603.9
2021-03-12T09:37:47, 5.4216671, 95.6379240, 603.7
2021-03-12T09:37:48, 5.4216666, 95.6379240, 603.5
2021-03-12T09:37:49, 5.4216657, 95.6379240, 603.6
2021-03-12T09:37:50, 5.4216657, 95.6379240, 603.9
2021-03-12T09:37:51, 5.4216652, 95.6379240, 603.8
2021-03-12T09:37:52, 5.4216647, 95.6379240, 603.8
2021-03-12T09:37:53, 5.4216642, 95.6379240, 603.8
2021-03-12T09:37:54, 5.4216647, 95.6379240, 603.6
2021-03-12T09:37:55, 5.4216647, 95.6379240, 603.3
2021-03-12T09:37:56, 5.4216647, 95.6379240, 603.3
2021-03-12T09:37:57, 5.4216647, 95.6379240, 603.0
2021-03-12T09:37:58, 5.4216652, 95.6379240, 602.9
2021-03-12T09:37:59, 5.4216657, 95.6379240, 602.8
2021-03-12T09:38:00, 5.4216671, 95.6379240, 602.7
2021-03-12T09:38:02, 5.4216676, 95.6379240, 602.2
2021-03-12T09:38:03, 5.4216681, 95.6379240, 602.3
2021-03-12T09:38:04, 5.4216681, 95.6379240, 602.2
2021-03-12T09:38:05, 5.4216681, 95.6379240, 602.2
2021-03-12T09:38:06, 5.4216681, 95.6379240, 602.1
2021-03-12T09:38:07, 5.4216676, 95.6379240, 602.2
2021-03-12T09:38:08, 5.4216671, 95.6379240, 602.4
2021-03-12T09:38:09, 5.4216666, 95.6379240, 602.4
2021-03-12T09:38:10, 5.4216657, 95.6379240, 602.4
2021-03-12T09:38:11, 5.4216657, 95.6379240, 602.4
2021-03-12T09:38:12, 5.4216652, 95.6379240, 602.4
2021-03-12T09:38:13, 5.4216647, 95.6379240, 602.4
2021-03-12T09:38:14, 5.4216647, 95.6379240, 602.3
2021-03-12T09:38:15, 5.4216657, 95.6379240, 602.6
2021-03-12T09:38:16, 5.4216657, 95.6379240, 602.4
2021-03-12T09:38:17, 5.4216647, 95.6379240, 602.4
2021-03-12T09:38:18, 5.4216633, 95.6379240, 602.3
2021-03-12T09:38:19, 5.4216628, 95.6379240, 602.2
2021-03-12T09:38:20, 5.4216633, 95.6379240, 602.4
2021-03-12T09:38:21, 5.4216642, 95.6379240, 602.7
2021-03-12T09:38:22, 5.4216642, 95.6379240, 602.6
2021-03-12T09:38:23, 5.4216642, 95.6379240, 602.5
2021-03-12T09:38:24, 5.4216657, 95.6379240, 602.4
2021-03-12T09:38:25, 5.4216661, 95.6379170, 602.0
2021-03-12T09:38:26, 5.4216666, 95.6379170, 602.2
2021-03-12T09:38:27, 5.4216671, 95.6379170, 601.9
2021-03-12T09:38:28, 5.4216671, 95.6379170, 601.7
2021-03-12T09:38:29, 5.4216671, 95.6379170, 601.8
2021-03-12T09:38:30, 5.4216666, 95.6379170, 601.6
2021-03-12T09:38:31, 5.4216666, 95.6379170, 601.5
2021-03-12T09:38:32, 5.4216671, 95.6379170, 601.4
2021-03-12T09:38:33, 5.4216671, 95.6379090, 601.3
2021-03-12T09:38:34, 5.4216671, 95.6379090, 601.0
2021-03-12T09:38:35, 5.4216671, 95.6379090, 601.0
2021-03-12T09:38:36, 5.4216671, 95.6379090, 600.5
2021-03-12T09:38:37, 5.4216666, 95.6379090, 600.2
2021-03-12T09:38:38, 5.4216666, 95.6379090, 600.3
2021-03-12T09:38:40, 5.4216695, 95.6379090, 599.8
2021-03-12T09:38:41, 5.4216666, 95.6379090, 599.7
2021-03-12T09:38:42, 5.4216633, 95.6379090, 600.6
2021-03-12T09:38:43, 5.4216623, 95.6379090, 601.1
2021-03-12T09:38:44, 5.4216657, 95.6379090, 601.0
2021-03-12T09:38:45, 5.4216642, 95.6379090, 601.1
2021-03-12T09:38:46, 5.4216638, 95.6379090, 600.9
2021-03-12T09:38:47, 5.4216642, 95.6379090, 601.2
2021-03-12T09:38:48, 5.4216642, 95.6379090, 601.2
2021-03-12T09:38:49, 5.4216647, 95.6379090, 601.6
2021-03-12T09:38:50, 5.4216642, 95.6379090, 601.5
2021-03-12T09:38:51, 5.4216642, 95.6379170, 601.5
2021-03-12T09:38:52, 5.4216642, 95.6379170, 601.5
2021-03-12T09:38:53, 5.4216642, 95.6379170, 601.1
2021-03-12T09:38:54, 5.4216642, 95.6379170, 601.0
2021-03-12T09:38:55, 5.4216642, 95.6379170, 600.9
2021-03-12T09:38:56, 5.4216642, 95.6379170, 600.8
2021-03-12T09:38:57, 5.4216642, 95.6379170, 600.7
2021-03-12T09:38:58, 5.4216642, 95.6379170, 600.5
2021-03-12T09:38:59, 5.4216642, 95.6379170, 600.3
2021-03-12T09:39:00, 5.4216642, 95.6379170, 600.4
2021-03-12T09:39:01, 5.4216642, 95.6379170, 600.2
2021-03-12T09:39:02, 5.4216642, 95.6379170, 600.1
2021-03-12T09:39:03, 5.4216642, 95.6379170, 600.0
2021-03-12T09:39:04, 5.4216623, 95.6379170, 600.1
2021-03-12T09:39:05, 5.4216619, 95.6379170, 600.1
2021-03-12T09:39:06, 5.4216604, 95.6379170, 600.0
2021-03-12T09:39:07, 5.4216599, 95.6379170, 600.1
2021-03-12T09:39:08, 5.4216599, 95.6379170, 600.0
2021-03-12T09:39:09, 5.4216604, 95.6379170, 599.8
2021-03-12T09:39:10, 5.4216609, 95.6379170, 599.7
2021-03-12T09:39:11, 5.4216595, 95.6379170, 599.6
2021-03-12T09:39:12, 5.4216547, 95.6379240, 599.6
2021-03-12T09:39:13, 5.4216518, 95.6379240, 599.7
2021-03-12T09:39:14, 5.4216514, 95.6379240, 599.6
2021-03-12T09:39:15, 5.4216552, 95.6379390, 599.3
2021-03-12T09:39:16, 5.4216576, 95.6379470, 599.2
2021-03-12T09:39:17, 5.4216595, 95.6379550, 598.3
2021-03-12T09:39:18, 5.4216585, 95.6379550, 597.9
2021-03-12T09:39:20, 5.4216690, 95.6379620, 596.5
2021-03-12T09:39:21, 5.4216766, 95.6379700, 595.2
2021-03-12T09:39:22, 5.4216795, 95.6379780, 595.1
2021-03-12T09:39:23, 5.4216871, 95.6379850, 595.0
2021-03-12T09:39:24, 5.4216919, 95.6379930, 594.0
2021-03-12T09:39:25, 5.4216967, 95.6380000, 594.3
2021-03-12T09:39:26, 5.4217029, 95.6380080, 594.5
2021-03-12T09:39:27, 5.4217072, 95.6380080, 593.8
2021-03-12T09:39:28, 5.4217148, 95.6380080, 594.0
2021-03-12T09:39:29, 5.4217215, 95.6380230, 594.3
2021-03-12T09:39:30, 5.4217238, 95.6380310, 594.3
2021-03-12T09:39:31, 5.4217315, 95.6380390, 594.2
2021-03-12T09:39:32, 5.4217377, 95.6380390, 594.1
2021-03-12T09:39:33, 5.4217424, 95.6380460, 594.7
2021-03-12T09:39:34, 5.4217515, 95.6380460, 594.8
2021-03-12T09:39:35, 5.4217587, 95.6380460, 594.8
2021-03-12T09:39:36, 5.4217649, 95.6380540, 595.2
2021-03-12T09:39:37, 5.4217706, 95.6380620, 595.2
2021-03-12T09:39:38, 5.4217763, 95.6380620, 595.8
2021-03-12T09:39:39, 5.4217830, 95.6380690, 595.7
2021-03-12T09:39:40, 5.4217887, 95.6380690, 595.4
2021-03-12T09:39:41, 5.4217949, 95.6380770, 595.6
2021-03-12T09:39:42, 5.4217997, 95.6380770, 596.1
2021-03-12T09:39:43, 5.4218082, 95.6380840, 596.3
2021-03-12T09:39:44, 5.4218154, 95.6380840, 597.1
2021-03-12T09:39:45, 5.4218206, 95.6380840, 596.6
2021-03-12T09:39:46, 5.4218264, 95.6380840, 596.4
2021-03-12T09:39:47, 5.4218316, 95.6380840, 596.3
2021-03-12T09:39:48, 5.4218354, 95.6380840, 596.5
2021-03-12T09:39:49, 5.4218426, 95.6380840, 596.3
2021-03-12T09:39:50, 5.4218488, 95.6380840, 595.8
2021-03-12T09:39:51, 5.4218559, 95.6380840, 595.8
2021-03-12T09:39:52, 5.4218631, 95.6380920, 596.6
2021-03-12T09:39:53, 5.4218707, 95.6380920, 596.3
2021-03-12T09:39:54, 5.4218798, 95.6380920, 596.0
2021-03-12T09:39:55, 5.4218879, 95.6380920, 596.0
2021-03-12T09:39:56, 5.4218984, 95.6380920, 595.8
2021-03-12T09:39:57, 5.4219050, 95.6380920, 595.6
2021-03-12T09:39:59, 5.4219160, 95.6380920, 596.2
2021-03-12T09:40:00, 5.4219213, 95.6381000, 596.4
2021-03-12T09:40:01, 5.4219251, 95.6381070, 596.3
2021-03-12T09:40:02, 5.4219303, 95.6381000, 596.2
2021-03-12T09:40:03, 5.4219327, 95.6381000, 596.0
2021-03-12T09:40:04, 5.4219327, 95.6381000, 596.8
2021-03-12T09:40:05, 5.4219327, 95.6381000, 597.8
2021-03-12T09:40:06, 5.4219356, 95.6381000, 598.1
2021-03-12T09:40:07, 5.4219351, 95.6381000, 597.5
2021-03-12T09:40:08, 5.4219303, 95.6381000, 597.5
2021-03-12T09:40:09, 5.4219251, 95.6381000, 598.0
2021-03-12T09:40:10, 5.4219227, 95.6381000, 598.0
2021-03-12T09:40:11, 5.4219222, 95.6381000, 597.8
2021-03-12T09:40:12, 5.4219217, 95.6381000, 597.8
2021-03-12T09:40:13, 5.4219208, 95.6381000, 598.1
2021-03-12T09:40:14, 5.4219217, 95.6381000, 598.1
2021-03-12T09:40:15, 5.4219227, 95.6381070, 597.6
2021-03-12T09:40:16, 5.4219232, 95.6381070, 597.2
2021-03-12T09:40:17, 5.4219227, 95.6381070, 597.3
2021-03-12T09:40:18, 5.4219208, 95.6381070, 597.3
2021-03-12T09:40:19, 5.4219193, 95.6381070, 597.5
2021-03-12T09:40:20, 5.4219084, 95.6381070, 597.4
2021-03-12T09:40:21, 5.4218974, 95.6381070, 597.9
2021-03-12T09:40:22, 5.4218912, 95.6381000, 598.4
2021-03-12T09:40:23, 5.4218855, 95.6381000, 598.7
2021-03-12T09:40:24, 5.4218774, 95.6380920, 599.3
2021-03-12T09:40:25, 5.4218750, 95.6380920, 601.4
2021-03-12T09:40:26, 5.4218817, 95.6380920, 602.3
2021-03-12T09:40:27, 5.4218860, 95.6380920, 601.7
2021-03-12T09:40:28, 5.4218950, 95.6381000, 601.7
2021-03-12T09:40:29, 5.4219003, 95.6381000, 601.3
2021-03-12T09:40:30, 5.4219041, 95.6381070, 601.2
2021-03-12T09:40:31, 5.4219093, 95.6381070, 600.9
2021-03-12T09:40:32, 5.4219151, 95.6381070, 600.7
2021-03-12T09:40:33, 5.4219184, 95.6381070, 600.3
2021-03-12T09:40:34, 5.4219184, 95.6381070, 600.3
2021-03-12T09:40:35, 5.4219208, 95.6381070, 600.8
2021-03-12T09:40:36, 5.4219232, 95.6381150, 600.8
2021-03-12T09:40:37, 5.4219246, 95.6381150, 600.7
2021-03-12T09:40:38, 5.4219246, 95.6381150, 600.6
2021-03-12T09:40:40, 5.4219227, 95.6381070, 600.9
2021-03-12T09:40:41, 5.4219217, 95.6381070, 601.5
2021-03-12T09:40:42, 5.4219203, 95.6381070, 601.6
2021-03-12T09:40:43, 5.4219213, 95.6381070, 602.0
2021-03-12T09:40:44, 5.4219213, 95.6381070, 602.1
2021-03-12T09:40:45, 5.4219213, 95.6381070, 602.3
2021-03-12T09:40:46, 5.4219208, 95.6381070, 602.5
2021-03-12T09:40:47, 5.4219217, 95.6381150, 602.2
2021-03-12T09:40:48, 5.4219227, 95.6381150, 602.3
2021-03-12T09:40:49, 5.4219246, 95.6381150, 602.1
2021-03-12T09:40:50, 5.4219255, 95.6381070, 602.1
2021-03-12T09:40:51, 5.4219275, 95.6381000, 602.0
2021-03-12T09:40:52, 5.4219298, 95.6381000, 601.7
2021-03-12T09:40:53, 5.4219308, 95.6381000, 601.7
2021-03-12T09:40:54, 5.4219346, 95.6380920, 601.7
2021-03-12T09:40:55, 5.4219370, 95.6380920, 601.1
2021-03-12T09:40:56, 5.4219398, 95.6380920, 602.4
2021-03-12T09:40:57, 5.4219375, 95.6381000, 602.7
2021-03-12T09:40:58, 5.4219379, 95.6381000, 603.7
2021-03-12T09:40:59, 5.4219398, 95.6381000, 604.2
2021-03-12T09:41:00, 5.4219408, 95.6381070, 603.8
2021-03-12T09:41:01, 5.4219408, 95.6381070, 603.3
2021-03-12T09:41:02, 5.4219398, 95.6381150, 603.4
