2021-03-12T10:09:28, 5.4219351, 95.6380920, 603.2
2021-03-12T10:09:29, 5.4219360, 95.6380920, 603.0
2021-03-12T10:09:30, 5.4219375, 95.6380920, 602.9
2021-03-12T10:09:31, 5.4219394, 95.6381000, 602.9
2021-03-12T10:09:32, 5.4219398, 95.6381000, 602.8
2021-03-12T10:09:33, 5.4219408, 95.6381000, 602.9
2021-03-12T10:09:35, 5.4219446, 95.6380920, 603.3
2021-03-12T10:09:36, 5.4219422, 95.6380840, 603.2
2021-03-12T10:09:37, 5.4219384, 95.6380840, 603.2
2021-03-12T10:09:38, 5.4219398, 95.6380840, 603.3
2021-03-12T10:09:39, 5.4219408, 95.6380840, 603.5
2021-03-12T10:09:40, 5.4219437, 95.6380840, 603.9
2021-03-12T10:09:41, 5.4219475, 95.6380840, 603.8
2021-03-12T10:09:42, 5.4219480, 95.6380840, 604.0
2021-03-12T10:09:43, 5.4219480, 95.6380840, 604.3
2021-03-12T10:09:44, 5.4219489, 95.6380840, 604.6
2021-03-12T10:09:45, 5.4219537, 95.6380840, 604.9
2021-03-12T10:09:46, 5.4219599, 95.6380840, 605.6
2021-03-12T10:09:47, 5.4219666, 95.6380770, 605.7
2021-03-12T10:09:48, 5.4219704, 95.6380770, 606.0
2021-03-12T10:09:49, 5.4219780, 95.6380770, 606.1
2021-03-12T10:09:50, 5.4219856, 95.6380770, 606.2
2021-03-12T10:09:51, 5.4219947, 95.6380690, 605.6
2021-03-12T10:09:52, 5.4220018, 95.6380690, 605.9
2021-03-12T10:09:53, 5.4220071, 95.6380690, 605.7
2021-03-12T10:09:54, 5.4220133, 95.6380690, 605.6
2021-03-12T10:09:55, 5.4220209, 95.6380690, 605.7
2021-03-12T10:09:56, 5.4220290, 95.6380690, 605.5
2021-03-12T10:09:57, 5.4220357, 95.6380620, 605.2
2021-03-12T10:09:58, 5.4220414, 95.6380620, 605.0
2021-03-12T10:09:59, 5.4220476, 95.6380690, 605.0
2021-03-12T10:10:00, 5.4220548, 95.6380620, 605.1
2021-03-12T10:10:01, 5.4220600, 95.6380540, 605.5
2021-03-12T10:10:02, 5.4220667, 95.6380540, 605.4
2021-03-12T10:10:03, 5.4220729, 95.6380540, 605.7
2021-03-12T10:10:04, 5.4220791, 95.6380460, 605.8
2021-03-12T10:10:05, 5.4220839, 95.6380460, 606.0
2021-03-12T10:10:06, 5.4220881, 95.6380460, 606.3
2021-03-12T10:10:07, 5.4220934, 95.6380460, 606.1
2021-03-12T10:10:08, 5.4220991, 95.6380460, 606.3
2021-03-12T10:10:09, 5.4221048, 95.6380460, 606.1
2021-03-12T10:10:10, 5.4221096, 95.6380460, 606.3
2021-03-12T10:10:11, 5.4221139, 95.6380460, 606.1
2021-03-12T10:10:12, 5.4221210, 95.6380460, 605.8
2021-03-12T10:10:13, 5.4221287, 95.6380460, 605.6
2021-03-12T10:10:14, 5.4221358, 95.6380460, 606.1
2021-03-12T10:10:15, 5.4221411, 95.6380390, 606.2
2021-03-12T10:10:16, 5.4221473, 95.6380390, 606.0
2021-03-12T10:10:18, 5.4221587, 95.6380390, 606.4
2021-03-12T10:10:19, 5.4221663, 95.6380310, 605.9
2021-03-12T10:10:20, 5.4221697, 95.6380390, 605.8
2021-03-12T10:10:21, 5.4221749, 95.6380310, 606.2
2021-03-12T10:10:22, 5.4221807, 95.6380230, 606.3
2021-03-12T10:10:23, 5.4221878, 95.6380230, 605.8
2021-03-12T10:10:24, 5.4221935, 95.6380230, 605.6
2021-03-12T10:10:25, 5.4221992, 95.6380230, 605.5
2021-03-12T10:10:26, 5.4222040, 95.6380230, 606.0
2021-03-12T10:10:27, 5.4222078, 95.6380230, 606.6
2021-03-12T10:10:28, 5.4222136, 95.6380230, 606.8
2021-03-12T10:10:29, 5.4222207, 95.6380230, 606.7
2021-03-12T10:10:30, 5.4222260, 95.6380230, 606.7
2021-03-12T10:10:31, 5.4222331, 95.6380230, 606.6
2021-03-12T10:10:32, 5.4222379, 95.6380230, 606.7
2021-03-12T10:10:33, 5.4222422, 95.6380310, 606.9
2021-03-12T10:10:34, 5.4222484, 95.6380310, 607.0
2021-03-12T10:10:35, 5.4222546, 95.6380310, 607.0
2021-03-12T10:10:36, 5.4222598, 95.6380310, 607.3
2021-03-12T10:10:37, 5.4222665, 95.6380310, 607.7
2021-03-12T10:10:38, 5.4222727, 95.6380390, 608.0
2021-03-12T10:10:39, 5.4222770, 95.6380390, 608.2
2021-03-12T10:10:40, 5.4222817, 95.6380390, 608.4
2021-03-12T10:10:41, 5.4222865, 95.6380390, 608.8
2021-03-12T10:10:42, 5.4222932, 95.6380460, 608.7
2021-03-12T10:10:43, 5.4223013, 95.6380460, 609.0
2021-03-12T10:10:44, 5.4223061, 95.6380460, 609.5
2021-03-12T10:10:45, 5.4223123, 95.6380460, 609.6
2021-03-12T10:10:46, 5.4223175, 95.6380460, 609.7
2021-03-12T10:10:47, 5.4223247, 95.6380460, 609.9
2021-03-12T10:10:48, 5.4223328, 95.6380460, 609.7
2021-03-12T10:10:49, 5.4223418, 95.6380460, 610.0
2021-03-12T10:10:50, 5.4223509, 95.6380460, 610.1
2021-03-12T10:10:51, 5.4223585, 95.6380540, 610.3
2021-03-12T10:10:52, 5.4223647, 95.6380540, 610.8
2021-03-12T10:10:53, 5.4223704, 95.6380540, 610.9
2021-03-12T10:10:54, 5.4223766, 95.6380540, 610.4
2021-03-12T10:10:55, 5.4223857, 95.6380540, 610.0
2021-03-12T10:10:56, 5.4223933, 95.6380540, 610.3
2021-03-12T10:10:58, 5.4224114, 95.6380540, 610.3
2021-03-12T10:10:59, 5.4224215, 95.6380540, 610.2
2021-03-12T10:11:00, 5.4224286, 95.6380540, 610.7
2021-03-12T10:11:01, 5.4224305, 95.6380540, 611.5
2021-03-12T10:11:02, 5.4224305, 95.6380540, 611.7
2021-03-12T10:11:03, 5.4224291, 95.6380540, 611.9
2021-03-12T10:11:04, 5.4224296, 95.6380620, 612.6
2021-03-12T10:11:05, 5.4224315, 95.6380620, 612.7
2021-03-12T10:11:06, 5.4224334, 95.6380620, 612.8
2021-03-12T10:11:07, 5.4224343, 95.6380620, 612.8
2021-03-12T10:11:08, 5.4224367, 95.6380540, 613.2
2021-03-12T10:11:09, 5.4224429, 95.6380540, 613.1
2021-03-12T10:11:10, 5.4224477, 95.6380620, 612.9
2021-03-12T10:11:11, 5.4224529, 95.6380690, 612.9
2021-03-12T10:11:12, 5.4224572, 95.6380690, 612.3
2021-03-12T10:11:13, 5.4224634, 95.6380770, 611.6
2021-03-12T10:11:14, 5.4224696, 95.6380840, 611.7
2021-03-12T10:11:15, 5.4224768, 95.6380840, 611.4
2021-03-12T10:11:16, 5.4224849, 95.6380840, 610.9
2021-03-12T10:11:17, 5.4224906, 95.6380840, 611.1
2021-03-12T10:11:18, 5.4224963, 95.6380770, 611.4
2021-03-12T10:11:19, 5.4225059, 95.6380840, 611.9
2021-03-12T10:11:20, 5.4225149, 95.6380840, 612.5
2021-03-12T10:11:21, 5.4225206, 95.6380840, 612.3
2021-03-12T10:11:22, 5.4225287, 95.6380920, 612.0
2021-03-12T10:11:23, 5.4225326, 95.6380920, 612.1
2021-03-12T10:11:24, 5.4225373, 95.6381000, 610.7
2021-03-12T10:11:25, 5.4225426, 95.6381000, 610.8
2021-03-12T10:11:26, 5.4225478, 95.6381000, 611.1
2021-03-12T10:11:27, 5.4225531, 95.6381070, 611.3
2021-03-12T10:11:28, 5.4225583, 95.6381150, 611.1
2021-03-12T10:11:29, 5.4225631, 95.6381150, 611.0
2021-03-12T10:11:30, 5.4225678, 95.6381230, 611.2
2021-03-12T10:11:31, 5.4225736, 95.6381230, 610.8
2021-03-12T10:11:32, 5.4225764, 95.6381300, 610.8
2021-03-12T10:11:33, 5.4225802, 95.6381300, 610.7
2021-03-12T10:11:34, 5.4225845, 95.6381380, 610.4
2021-03-12T10:11:35, 5.4225893, 95.6381380, 610.3
2021-03-12T10:11:36, 5.4225922, 95.6381450, 609.8
2021-03-12T10:11:38, 5.4226003, 95.6381450, 609.6
2021-03-12T10:11:39, 5.4226036, 95.6381450, 609.6
2021-03-12T10:11:40, 5.4226041, 95.6381530, 609.4
2021-03-12T10:11:41, 5.4226055, 95.6381530, 609.4
2021-03-12T10:11:42, 5.4226084, 95.6381530, 609.0
2021-03-12T10:11:43, 5.4226127, 95.6381610, 608.3
2021-03-12T10:11:44, 5.4226155, 95.6381610, 608.1
2021-03-12T10:11:45, 5.4226151, 95.6381680, 607.5
2021-03-12T10:11:46, 5.4226189, 95.6381680, 608.5
2021-03-12T10:11:47, 5.4226203, 95.6381760, 607.8
2021-03-12T10:11:48, 5.4226241, 95.6381840, 607.8
2021-03-12T10:11:49, 5.4226274, 95.6381910, 607.2
2021-03-12T10:11:50, 5.4226313, 95.6381990, 606.9
2021-03-12T10:11:51, 5.4226370, 95.6382060, 606.2
2021-03-12T10:11:52, 5.4226384, 95.6382140, 605.4
2021-03-12T10:11:53, 5.4226437, 95.6382220, 606.4
2021-03-12T10:11:54, 5.4226475, 95.6382290, 607.0
2021-03-12T10:11:55, 5.4226503, 95.6382370, 606.9
2021-03-12T10:11:56, 5.4226527, 95.6382450, 606.4
2021-03-12T10:11:57, 5.4226546, 95.6382520, 606.5
2021-03-12T10:11:58, 5.4226561, 95.6382600, 607.4
2021-03-12T10:11:59, 5.4226613, 95.6382600, 607.5
2021-03-12T10:12:00, 5.4226680, 95.6382680, 608.2
2021-03-12T10:12:01, 5.4226732, 95.6382680, 608.3
2021-03-12T10:12:02, 5.4226789, 95.6382680, 608.5
2021-03-12T10:12:03, 5.4226837, 95.6382830, 608.0
2021-03-12T10:12:04, 5.4226904, 95.6382830, 608.2
2021-03-12T10:12:05, 5.4226971, 95.6382830, 608.3
2021-03-12T10:12:06, 5.4227042, 95.6382830, 608.6
2021-03-12T10:12:07, 5.4227104, 95.6382830, 608.9
2021-03-12T10:12:08, 5.4227200, 95.6382830, 608.9
2021-03-12T10:12:09, 5.4227262, 95.6382830, 609.4
2021-03-12T10:12:10, 5.4227333, 95.6382830, 609.5
2021-03-12T10:12:11, 5.4227405, 95.6382830, 609.6
2021-03-12T10:12:12, 5.4227467, 95.6382830, 609.9
2021-03-12T10:12:13, 5.4227543, 95.6382830, 609.9
2021-03-12T10:12:14, 5.4227624, 95.6382830, 610.0
2021-03-12T10:12:15, 5.4227710, 95.6382750, 609.8
2021-03-12T10:12:17, 5.4227881, 95.6382680, 611.1
2021-03-12T10:12:18, 5.4227958, 95.6382680, 611.5
2021-03-12T10:12:19, 5.4228039, 95.6382680, 612.2
2021-03-12T10:12:20, 5.4228106, 95.6382600, 612.0
2021-03-12T10:12:21, 5.4228172, 95.6382600, 612.3
2021-03-12T10:12:22, 5.4228244, 95.6382600, 612.2
2021-03-12T10:12:23, 5.4228287, 95.6382600, 612.3
2021-03-12T10:12:24, 5.4228344, 95.6382600, 613.3
2021-03-12T10:12:25, 5.4228401, 95.6382520, 612.5
2021-03-12T10:12:26, 5.4228458, 95.6382520, 612.5
2021-03-12T10:12:27, 5.4228511, 95.6382520, 612.3
2021-03-12T10:12:28, 5.4228544, 95.6382520, 611.8
2021-03-12T10:12:29, 5.4228611, 95.6382520, 611.5
2021-03-12T10:12:30, 5.4228673, 95.6382600, 611.3
2021-03-12T10:12:31, 5.4228730, 95.6382600, 612.4
2021-03-12T10:12:32, 5.4228806, 95.6382600, 613.0
2021-03-12T10:12:33, 5.4228888, 95.6382600, 613.4
2021-03-12T10:12:34, 5.4228950, 95.6382600, 614.4
2021-03-12T10:12:35, 5.4229031, 95.6382600, 614.1
2021-03-12T10:12:36, 5.4229078, 95.6382600, 614.0
2021-03-12T10:12:37, 5.4229140, 95.6382600, 613.3
2021-03-12T10:12:38, 5.4229217, 95.6382600, 613.5
2021-03-12T10:12:39, 5.4229298, 95.6382520, 613.1
2021-03-12T10:12:40, 5.4229379, 95.6382520, 613.1
2021-03-12T10:12:41, 5.4229431, 95.6382520, 613.8
2021-03-12T10:12:42, 5.4229484, 95.6382520, 613.5
2021-03-12T10:12:43, 5.4229579, 95.6382520, 613.1
2021-03-12T10:12:44, 5.4229636, 95.6382520, 613.2
2021-03-12T10:12:45, 5.4229693, 95.6382520, 613.0
2021-03-12T10:12:46, 5.4229751, 95.6382600, 613.7
2021-03-12T10:12:47, 5.4229827, 95.6382600, 614.4
2021-03-12T10:12:48, 5.4229865, 95.6382600, 614.9
2021-03-12T10:12:49, 5.4229937, 95.6382600, 614.6
2021-03-12T10:12:50, 5.4229999, 95.6382600, 614.9
2021-03-12T10:12:51, 5.4230051, 95.6382600, 614.9
2021-03-12T10:12:52, 5.4230113, 95.6382600, 615.3
2021-03-12T10:12:53, 5.4230170, 95.6382600, 615.6
2021-03-12T10:12:54, 5.4230242, 95.6382680, 615.7
2021-03-12T10:12:56, 5.4230347, 95.6382680, 615.7
2021-03-12T10:12:57, 5.4230418, 95.6382750, 616.1
2021-03-12T10:12:58, 5.4230471, 95.6382750, 616.7
2021-03-12T10:12:59, 5.4230542, 95.6382750, 617.4
2021-03-12T10:13:00, 5.4230599, 95.6382750, 617.7
2021-03-12T10:13:01, 5.4230642, 95.6382830, 617.9
2021-03-12T10:13:02, 5.4230690, 95.6382830, 618.0
2021-03-12T10:13:03, 5.4230766, 95.6382750, 618.4
2021-03-12T10:13:04, 5.4230819, 95.6382830, 618.4
2021-03-12T10:13:05, 5.4230866, 95.6382830, 618.6
2021-03-12T10:13:06, 5.4230914, 95.6382830, 618.8
2021-03-12T10:13:07, 5.4230962, 95.6382830, 618.7
2021-03-12T10:13:08, 5.4231029, 95.6382830, 618.8
2021-03-12T10:13:09, 5.4231081, 95.6382830, 619.2
2021-03-12T10:13:10, 5.4231143, 95.6382830, 618.9
2021-03-12T10:13:11, 5.4231191, 95.6382830, 618.6
2021-03-12T10:13:12, 5.4231243, 95.6382830, 619.0
2021-03-12T10:13:13, 5.4231305, 95.6382830, 618.8
2021-03-12T10:13:14, 5.4231353, 95.6382830, 618.3
2021-03-12T10:13:15, 5.4231391, 95.6382830, 618.3
2021-03-12T10:13:16, 5.4231400, 95.6382900, 618.9
2021-03-12T10:13:17, 5.4231462, 95.6382980, 619.3
2021-03-12T10:13:18, 5.4231534, 95.6382980, 619.4
2021-03-12T10:13:19, 5.4231586, 95.6382980, 619.3
2021-03-12T10:13:20, 5.4231672, 95.6382900, 619.2
2021-03-12T10:13:21, 5.4231763, 95.6382900, 619.4
2021-03-12T10:13:22, 5.4231815, 95.6382900, 619.8
2021-03-12T10:13:23, 5.4231887, 95.6382980, 620.0
2021-03-12T10:13:24, 5.4231963, 95.6382980, 619.7
2021-03-12T10:13:25, 5.4232035, 95.6382980, 619.3
2021-03-12T10:13:26, 5.4232082, 95.6382980, 618.9
2021-03-12T10:13:27, 5.4232159, 95.6383060, 618.6
2021-03-12T10:13:28, 5.4232235, 95.6383060, 618.4
2021-03-12T10:13:29, 5.4232297, 95.6383060, 618.2
2021-03-12T10:13:30, 5.4232349, 95.6382980, 617.8
2021-03-12T10:13:31, 5.4232402, 95.6382980, 616.3
2021-03-12T10:13:32, 5.4232454, 95.6382980, 615.9
2021-03-12T10:13:33, 5.4232488, 95.6382980, 615.8
2021-03-12T10:13:34, 5.4232535, 95.6382980, 616.0
2021-03-12T10:13:36, 5.4232640, 95.6383060, 617.5
2021-03-12T10:13:37, 5.4232702, 95.6383060, 617.9
2021-03-12T10:13:38, 5.4232779, 95.6383060, 618.0
2021-03-12T10:13:39, 5.4232855, 95.6383130, 617.8
2021-03-12T10:13:40, 5.4232917, 95.6383130, 617.9
2021-03-12T10:13:41, 5.4232984, 95.6383210, 618.1
2021-03-12T10:13:42, 5.4233060, 95.6383210, 618.0
2021-03-12T10:13:43, 5.4233131, 95.6383210, 618.2
2021-03-12T10:13:44, 5.4233241, 95.6383210, 617.9
2021-03-12T10:13:45, 5.4233313, 95.6383210, 619.2
2021-03-12T10:13:46, 5.4233394, 95.6383210, 618.9
2021-03-12T10:13:47, 5.4233470, 95.6383210, 619.2
2021-03-12T10:13:48, 5.4233513, 95.6383290, 619.8
2021-03-12T10:13:49, 5.4233570, 95.6383290, 619.4
2021-03-12T10:13:50, 5.4233632, 95.6383360, 619.6
2021-03-12T10:13:51, 5.4233685, 95.6383440, 619.4
2021-03-12T10:13:52, 5.4233766, 95.6383510, 619.2
2021-03-12T10:13:53, 5.4233818, 95.6383590, 619.1
2021-03-12T10:13:54, 5.4233866, 95.6383590, 619.5
2021-03-12T10:13:55, 5.4233923, 95.6383670, 620.0
2021-03-12T10:13:56, 5.4233985, 95.6383670, 620.2
2021-03-12T10:13:57, 5.4234042, 95.6383590, 620.6
2021-03-12T10:13:58, 5.4234099, 95.6383670, 620.2
2021-03-12T10:13:59, 5.4234090, 95.6383670, 620.0
2021-03-12T10:14:00, 5.4234095, 95.6383670, 620.1
2021-03-12T10:14:01, 5.4234123, 95.6383590, 619.7
2021-03-12T10:14:02, 5.4234147, 95.6383590, 619.4
2021-03-12T10:14:03, 5.4234171, 95.6383590, 619.1
2021-03-12T10:14:04, 5.4234195, 95.6383590, 618.7
2021-03-12T10:14:05, 5.4234195, 95.6383590, 618.7
2021-03-12T10:14:06, 5.4234281, 95.6383590, 618.3
2021-03-12T10:14:07, 5.4234314, 95.6383590, 619.5
2021-03-12T10:14:08, 5.4234285, 95.6383740, 619.5
2021-03-12T10:14:09, 5.4234281, 95.6383740, 618.0
2021-03-12T10:14:10, 5.4234266, 95.6383740, 618.4
2021-03-12T10:14:11, 5.4234290, 95.6383740, 619.3
2021-03-12T10:14:12, 5.4234371, 95.6383820, 619.4
2021-03-12T10:14:13, 5.4234447, 95.6383900, 619.1
2021-03-12T10:14:14, 5.4234538, 95.6383970, 619.6
2021-03-12T10:14:16, 5.4234691, 95.6384050, 620.5
2021-03-12T10:14:17, 5.4234729, 95.6384050, 621.1
2021-03-12T10:14:18, 5.4234781, 95.6384120, 620.7
2021-03-12T10:14:19, 5.4234838, 95.6384120, 621.9
2021-03-12T10:14:20, 5.4234881, 95.6384120, 622.4
2021-03-12T10:14:21, 5.4234915, 95.6384120, 622.7
2021-03-12T10:14:22, 5.4234958, 95.6384200, 623.0
2021-03-12T10:14:23, 5.4235015, 95.6384200, 624.0
2021-03-12T10:14:24, 5.4235044, 95.6384120, 624.7
2021-03-12T10:14:25, 5.4235110, 95.6384120, 624.5
2021-03-12T10:14:26, 5.4235168, 95.6384120, 624.8
2021-03-12T10:14:27, 5.4235187, 95.6384120, 625.4
2021-03-12T10:14:28, 5.4235258, 95.6384120, 626.0
2021-03-12T10:14:29, 5.4235311, 95.6384050, 625.7
2021-03-12T10:14:30, 5.4235349, 95.6384050, 625.6
2021-03-12T10:14:31, 5.4235411, 95.6384050, 625.2
2021-03-12T10:14:32, 5.4235468, 95.6384050, 625.3
2021-03-12T10:14:33, 5.4235530, 95.6384050, 625.9
2021-03-12T10:14:34, 5.4235582, 95.6384050, 626.1
2021-03-12T10:14:35, 5.4235616, 95.6384050, 626.2
2021-03-12T10:14:36, 5.4235659, 95.6384050, 626.4
2021-03-12T10:14:37, 5.4235706, 95.6384050, 626.2
2021-03-12T10:14:38, 5.4235721, 95.6384050, 626.2
2021-03-12T10:14:39, 5.4235744, 95.6384050, 625.8
2021-03-12T10:14:40, 5.4235787, 95.6383970, 626.2
2021-03-12T10:14:41, 5.4235840, 95.6383970, 626.9
2021-03-12T10:14:42, 5.4235864, 95.6383970, 627.2
2021-03-12T10:14:43, 5.4235911, 95.6383970, 627.1
2021-03-12T10:14:44, 5.4235983, 95.6383970, 627.0
2021-03-12T10:14:45, 5.4236050, 95.6383970, 627.1
2021-03-12T10:14:46, 5.4236088, 95.6383970, 627.2
2021-03-12T10:14:47, 5.4236131, 95.6384050, 627.6
2021-03-12T10:14:48, 5.4236188, 95.6383970, 627.3
2021-03-12T10:14:49, 5.4236255, 95.6383970, 627.3
2021-03-12T10:14:50, 5.4236298, 95.6383970, 627.4
2021-03-12T10:14:51, 5.4236360, 95.6383900, 627.5
2021-03-12T10:14:52, 5.4236422, 95.6383900, 627.4
2021-03-12T10:14:54, 5.4236565, 95.6383900, 626.7
2021-03-12T10:14:55, 5.4236627, 95.6383900, 627.1
2021-03-12T10:14:56, 5.4236679, 95.6383900, 626.9
2021-03-12T10:14:57, 5.4236746, 95.6383900, 626.2
2021-03-12T10:14:58, 5.4236789, 95.6383900, 625.2
2021-03-12T10:14:59, 5.4236808, 95.6383970, 625.6
2021-03-12T10:15:00, 5.4236832, 95.6383970, 625.3
2021-03-12T10:15:01, 5.4236851, 95.6383970, 625.3
2021-03-12T10:15:02, 5.4236875, 95.6383970, 625.4
2021-03-12T10:15:03, 5.4236913, 95.6383970, 625.8
2021-03-12T10:15:04, 5.4236946, 95.6383970, 626.1
2021-03-12T10:15:05, 5.4237008, 95.6383970, 626.5
2021-03-12T10:15:06, 5.4237061, 95.6383970, 626.9
2021-03-12T10:15:07, 5.4237113, 95.6384050, 626.9
2021-03-12T10:15:08, 5.4237165, 95.6384050, 626.7
2021-03-12T10:15:09, 5.4237199, 95.6384050, 627.1
2021-03-12T10:15:10, 5.4237270, 95.6384050, 627.4
2021-03-12T10:15:11, 5.4237366, 95.6384200, 627.4
2021-03-12T10:15:12, 5.4237385, 95.6384280, 627.7
2021-03-12T10:15:13, 5.4237432, 95.6384350, 627.5
2021-03-12T10:15:14, 5.4237514, 95.6384430, 627.4
2021-03-12T10:15:15, 5.4237576, 95.6384430, 627.6
2021-03-12T10:15:16, 5.4237633, 95.6384430, 627.5
2021-03-12T10:15:17, 5.4237695, 95.6384510, 627.8
2021-03-12T10:15:18, 5.4237761, 95.6384510, 627.4
2021-03-12T10:15:19, 5.4237828, 95.6384510, 627.7
2021-03-12T10:15:20, 5.4237919, 95.6384580, 627.6
2021-03-12T10:15:21, 5.4237976, 95.6384580, 627.3
2021-03-12T10:15:22, 5.4238029, 95.6384660, 627.7
2021-03-12T10:15:23, 5.4238091, 95.6384660, 626.9
2021-03-12T10:15:24, 5.4238153, 95.6384660, 626.9
2021-03-12T10:15:25, 5.4238224, 95.6384660, 626.9
2021-03-12T10:15:26, 5.4238286, 95.6384580, 627.1
2021-03-12T10:15:27, 5.4238353, 95.6384580, 627.7
2021-03-12T10:15:28, 5.4238415, 95.6384580, 627.9
2021-03-12T10:15:29, 5.4238486, 95.6384580, 628.4
2021-03-12T10:15:30, 5.4238553, 95.6384580, 629.0
2021-03-12T10:15:31, 5.4238605, 95.6384580, 629.5
2021-03-12T10:15:33, 5.4238696, 95.6384580, 629.9
2021-03-12T10:15:34, 5.4238763, 95.6384580, 629.9
2021-03-12T10:15:35, 5.4238830, 95.6384510, 630.4
2021-03-12T10:15:36, 5.4238882, 95.6384510, 630.7
2021-03-12T10:15:37, 5.4238944, 95.6384510, 630.6
2021-03-12T10:15:38, 5.4239006, 95.6384510, 630.8
2021-03-12T10:15:39, 5.4239073, 95.6384510, 630.9
2021-03-12T10:15:40, 5.4239144, 95.6384510, 630.6
2021-03-12T10:15:41, 5.4239202, 95.6384510, 629.7
2021-03-12T10:15:42, 5.4239240, 95.6384580, 629.5
2021-03-12T10:15:43, 5.4239306, 95.6384580, 629.1
2021-03-12T10:15:44, 5.4239364, 95.6384580, 629.3
2021-03-12T10:15:45, 5.4239430, 95.6384510, 629.8
2021-03-12T10:15:46, 5.4239483, 95.6384510, 630.0
2021-03-12T10:15:47, 5.4239531, 95.6384510, 630.6
2021-03-12T10:15:48, 5.4239578, 95.6384510, 630.6
2021-03-12T10:15:49, 5.4239631, 95.6384430, 630.6
2021-03-12T10:15:50, 5.4239688, 95.6384430, 631.2
2021-03-12T10:15:51, 5.4239759, 95.6384510, 631.2
2021-03-12T10:15:52, 5.4239817, 95.6384510, 630.7
2021-03-12T10:15:53, 5.4239855, 95.6384510, 630.8
2021-03-12T10:15:54, 5.4239926, 95.6384510, 630.6
2021-03-12T10:15:55, 5.4240007, 95.6384510, 630.0
2021-03-12T10:15:56, 5.4240088, 95.6384510, 629.9
2021-03-12T10:15:57, 5.4240174, 95.6384510, 630.2
2021-03-12T10:15:58, 5.4240212, 95.6384510, 630.8
2021-03-12T10:15:59, 5.4240246, 95.6384510, 631.3
2021-03-12T10:16:00, 5.4240289, 95.6384430, 631.1
2021-03-12T10:16:01, 5.4240332, 95.6384430, 631.2
2021-03-12T10:16:02, 5.4240375, 95.6384430, 631.3
2021-03-12T10:16:03, 5.4240427, 95.6384430, 631.3
2021-03-12T10:16:04, 5.4240456, 95.6384430, 631.0
2021-03-12T10:16:05, 5.4240489, 95.6384430, 630.9
2021-03-12T10:16:06, 5.4240580, 95.6384430, 631.3
2021-03-12T10:16:07, 5.4240656, 95.6384430, 631.7
2021-03-12T10:16:08, 5.4240727, 95.6384430, 631.1
2021-03-12T10:16:09, 5.4240770, 95.6384430, 630.7
2021-03-12T10:16:10, 5.4240828, 95.6384430, 630.3
2021-03-12T10:16:11, 5.4240890, 95.6384430, 630.0
2021-03-12T10:16:13, 5.4241023, 95.6384430, 630.5
2021-03-12T10:16:14, 5.4241085, 95.6384430, 630.6
2021-03-12T10:16:15, 5.4241161, 95.6384430, 631.3
2021-03-12T10:16:16, 5.4241219, 95.6384430, 632.5
2021-03-12T10:16:17, 5.4241285, 95.6384430, 632.6
2021-03-12T10:16:18, 5.4241366, 95.6384430, 632.8
2021-03-12T10:16:19, 5.4241467, 95.6384350, 632.9
2021-03-12T10:16:20, 5.4241548, 95.6384280, 632.7
2021-03-12T10:16:21, 5.4241614, 95.6384280, 632.2
2021-03-12T10:16:22, 5.4241667, 95.6384350, 632.0
2021-03-12T10:16:23, 5.4241734, 95.6384350, 632.0
2021-03-12T10:16:24, 5.4241800, 95.6384350, 632.3
2021-03-12T10:16:25, 5.4241848, 95.6384350, 632.9
2021-03-12T10:16:26, 5.4241905, 95.6384350, 633.0
2021-03-12T10:16:27, 5.4241967, 95.6384280, 633.8
2021-03-12T10:16:28, 5.4242024, 95.6384280, 634.2
2021-03-12T10:16:29, 5.4242086, 95.6384280, 634.4
2021-03-12T10:16:30, 5.4242163, 95.6384200, 635.3
2021-03-12T10:16:31, 5.4242239, 95.6384200, 635.1
2021-03-12T10:16:32, 5.4242320, 95.6384120, 635.0
2021-03-12T10:16:33, 5.4242382, 95.6384120, 635.7
2021-03-12T10:16:34, 5.4242439, 95.6384120, 636.5
2021-03-12T10:16:35, 5.4242487, 95.6384050, 637.0
2021-03-12T10:16:36, 5.4242535, 95.6384050, 637.5
2021-03-12T10:16:37, 5.4242582, 95.6384050, 638.1
2021-03-12T10:16:38, 5.4242635, 95.6384050, 638.5
2021-03-12T10:16:39, 5.4242682, 95.6384050, 638.2
2021-03-12T10:16:40, 5.4242740, 95.6384050, 638.9
2021-03-12T10:16:41, 5.4242797, 95.6383970, 639.1
2021-03-12T10:16:42, 5.4242859, 95.6383900, 638.8
2021-03-12T10:16:43, 5.4242883, 95.6383900, 638.5
2021-03-12T10:16:44, 5.4242930, 95.6383900, 638.1
2021-03-12T10:16:45, 5.4242978, 95.6383820, 638.8
2021-03-12T10:16:46, 5.4243026, 95.6383820, 638.9
2021-03-12T10:16:47, 5.4243078, 95.6383740, 638.8
2021-03-12T10:16:48, 5.4243107, 95.6383740, 638.7
2021-03-12T10:16:49, 5.4243150, 95.6383670, 638.5
2021-03-12T10:16:50, 5.4243193, 95.6383590, 638.5
2021-03-12T10:16:51, 5.4243231, 95.6383590, 638.8
2021-03-12T10:16:53, 5.4243317, 95.6383590, 639.1
2021-03-12T10:16:54, 5.4243379, 95.6383590, 639.3
2021-03-12T10:16:55, 5.4243426, 95.6383590, 638.4
2021-03-12T10:16:56, 5.4243455, 95.6383510, 638.4
2021-03-12T10:16:57, 5.4243488, 95.6383440, 638.3
2021-03-12T10:16:58, 5.4243546, 95.6383440, 638.5
2021-03-12T10:16:59, 5.4243584, 95.6383360, 638.8
2021-03-12T10:17:00, 5.4243627, 95.6383360, 639.3
2021-03-12T10:17:01, 5.4243646, 95.6383290, 639.7
2021-03-12T10:17:02, 5.4243693, 95.6383290, 640.2
2021-03-12T10:17:03, 5.4243751, 95.6383210, 640.4
2021-03-12T10:17:04, 5.4243789, 95.6383210, 640.0
2021-03-12T10:17:05, 5.4243813, 95.6383210, 640.0
2021-03-12T10:17:06, 5.4243841, 95.6383210, 639.8
2021-03-12T10:17:07, 5.4243851, 95.6383210, 640.0
2021-03-12T10:17:08, 5.4243865, 95.6383130, 640.4
2021-03-12T10:17:09, 5.4243894, 95.6383060, 640.7
2021-03-12T10:17:10, 5.4243922, 95.6382980, 640.6
2021-03-12T10:17:11, 5.4243927, 95.6382900, 640.8
2021-03-12T10:17:12, 5.4243922, 95.6382900, 640.9
2021-03-12T10:17:13, 5.4243898, 95.6382900, 641.1
2021-03-12T10:17:14, 5.4243898, 95.6382830, 641.4
2021-03-12T10:17:15, 5.4243903, 95.6382830, 640.9
2021-03-12T10:17:16, 5.4243894, 95.6382830, 640.6
2021-03-12T10:17:17, 5.4243889, 95.6382830, 640.7
2021-03-12T10:17:18, 5.4243875, 95.6382830, 640.6
2021-03-12T10:17:19, 5.4243875, 95.6382830, 640.7
2021-03-12T10:17:20, 5.4243855, 95.6382830, 640.9
2021-03-12T10:17:21, 5.4243860, 95.6382830, 641.2
2021-03-12T10:17:22, 5.4243855, 95.6382830, 641.2
2021-03-12T10:17:23, 5.4243846, 95.6382830, 641.1
2021-03-12T10:17:24, 5.4243851, 95.6382830, 641.3
2021-03-12T10:17:25, 5.4243841, 95.6382830, 641.5
2021-03-12T10:17:26, 5.4243841, 95.6382830, 642.0
2021-03-12T10:17:27, 5.4243875, 95.6382830, 641.9
2021-03-12T10:17:28, 5.4243913, 95.6382830, 641.6
2021-03-12T10:17:29, 5.4243927, 95.6382750, 641.6
2021-03-12T10:17:30, 5.4243937, 95.6382680, 641.7
2021-03-12T10:17:32, 5.4243960, 95.6382520, 641.7
2021-03-12T10:17:33, 5.4243960, 95.6382450, 641.7
2021-03-12T10:17:34, 5.4243956, 95.6382450, 642.0
2021-03-12T10:17:35, 5.4243946, 95.6382450, 642.1
2021-03-12T10:17:36, 5.4243937, 95.6382370, 642.3
2021-03-12T10:17:37, 5.4243913, 95.6382290, 642.1
2021-03-12T10:17:38, 5.4243875, 95.6382220, 641.8
2021-03-12T10:17:39, 5.4243870, 95.6382140, 641.9
2021-03-12T10:17:40, 5.4243846, 95.6382060, 641.7
2021-03-12T10:17:41, 5.4243803, 95.6382060, 641.8
2021-03-12T10:17:42, 5.4243784, 95.6382060, 641.9
2021-03-12T10:17:43, 5.4243770, 95.6381990, 641.8
2021-03-12T10:17:44, 5.4243755, 95.6381990, 641.8
2021-03-12T10:17:45, 5.4243755, 95.6381910, 641.9
2021-03-12T10:17:46, 5.4243741, 95.6381910, 641.9
2021-03-12T10:17:47, 5.4243722, 95.6381910, 641.9
2021-03-12T10:17:48, 5.4243708, 95.6381910, 642.0
2021-03-12T10:17:49, 5.4243698, 95.6381910, 642.1
2021-03-12T10:17:50, 5.4243689, 95.6381910, 642.2
2021-03-12T10:17:51, 5.4243674, 95.6381840, 642.5
2021-03-12T10:17:52, 5.4243674, 95.6381840, 642.5
2021-03-12T10:17:53, 5.4243689, 95.6381760, 642.4
2021-03-12T10:17:54, 5.4243703, 95.6381680, 641.9
2021-03-12T10:17:55, 5.4243727, 95.6381610, 641.8
2021-03-12T10:17:56, 5.4243755, 95.6381610, 641.6
2021-03-12T10:17:57, 5.4243817, 95.6381610, 641.5
2021-03-12T10:17:58, 5.4243875, 95.6381610, 641.9
2021-03-12T10:17:59, 5.4243898, 95.6381610, 642.3
2021-03-12T10:18:00, 5.4243903, 95.6381610, 642.4
2021-03-12T10:18:01, 5.4243903, 95.6381610, 642.7
2021-03-12T10:18:02, 5.4243898, 95.6381610, 642.7
2021-03-12T10:18:03, 5.4243898, 95.6381530, 642.9
2021-03-12T10:18:04, 5.4243913, 95.6381530, 642.9
2021-03-12T10:18:05, 5.4243927, 95.6381610, 642.9
2021-03-12T10:18:06, 5.4243932, 95.6381530, 642.8
2021-03-12T10:18:07, 5.4243965, 95.6381530, 642.9
2021-03-12T10:18:08, 5.4243970, 95.6381530, 642.5
2021-03-12T10:18:09, 5.4243975, 95.6381530, 642.4
2021-03-12T10:18:10, 5.4243956, 95.6381530, 643.0
2021-03-12T10:18:12, 5.4243927, 95.6381530, 643.2
2021-03-12T10:18:13, 5.4243917, 95.6381530, 643.2
2021-03-12T10:18:14, 5.4243937, 95.6381530, 643.1
2021-03-12T10:18:15, 5.4243927, 95.6381530, 642.7
2021-03-12T10:18:16, 5.4243927, 95.6381530, 642.6
2021-03-12T10:18:17, 5.4243937, 95.6381530, 642.6
2021-03-12T10:18:18, 5.4243913, 95.6381530, 642.5
2021-03-12T10:18:19, 5.4243894, 95.6381530, 642.6
2021-03-12T10:18:20, 5.4243855, 95.6381610, 642.6
2021-03-12T10:18:21, 5.4243841, 95.6381610, 642.5
2021-03-12T10:18:22, 5.4243798, 95.6381610, 642.9
2021-03-12T10:18:23, 5.4243793, 95.6381680, 643.0
2021-03-12T10:18:24, 5.4243770, 95.6381840, 642.9
2021-03-12T10:18:25, 5.4243736, 95.6381840, 643.2
2021-03-12T10:18:26, 5.4243736, 95.6381910, 643.5
2021-03-12T10:18:27, 5.4243736, 95.6381840, 643.0
2021-03-12T10:18:28, 5.4243746, 95.6381840, 643.0
2021-03-12T10:18:29, 5.4243741, 95.6381910, 643.2
2021-03-12T10:18:30, 5.4243760, 95.6381910, 643.3
2021-03-12T10:18:31, 5.4243784, 95.6381910, 643.3
2021-03-12T10:18:32, 5.4243798, 95.6381910, 643.5
2021-03-12T10:18:33, 5.4243827, 95.6381910, 642.8
2021-03-12T10:18:34, 5.4243855, 95.6381910, 641.8
2021-03-12T10:18:35, 5.4243865, 95.6381910, 640.6
2021-03-12T10:18:36, 5.4243875, 95.6381910, 640.6
2021-03-12T10:18:37, 5.4243884, 95.6381910, 641.0
2021-03-12T10:18:38, 5.4243898, 95.6381910, 641.2
2021-03-12T10:18:39, 5.4243922, 95.6381910, 641.2
2021-03-12T10:18:40, 5.4243932, 95.6381910, 641.8
2021-03-12T10:18:41, 5.4243941, 95.6381910, 642.3
2021-03-12T10:18:42, 5.4243932, 95.6381910, 642.3
2021-03-12T10:18:43, 5.4243927, 95.6381840, 642.8
2021-03-12T10:18:44, 5.4243956, 95.6381760, 643.2
2021-03-12T10:18:45, 5.4244008, 95.6381760, 643.7
2021-03-12T10:18:46, 5.4244089, 95.6381680, 643.8
2021-03-12T10:18:47, 5.4244165, 95.6381610, 644.1
2021-03-12T10:18:49, 5.4244270, 95.6381610, 644.1
2021-03-12T10:18:50, 5.4244313, 95.6381530, 644.0
2021-03-12T10:18:51, 5.4244347, 95.6381530, 644.5
2021-03-12T10:18:52, 5.4244380, 95.6381450, 644.4
2021-03-12T10:18:53, 5.4244409, 95.6381450, 644.2
2021-03-12T10:18:54, 5.4244447, 95.6381380, 644.0
2021-03-12T10:18:55, 5.4244494, 95.6381380, 644.0
2021-03-12T10:18:56, 5.4244547, 95.6381380, 643.7
2021-03-12T10:18:57, 5.4244571, 95.6381380, 643.5
2021-03-12T10:18:58, 5.4244618, 95.6381380, 643.1
2021-03-12T10:18:59, 5.4244647, 95.6381380, 643.0
2021-03-12T10:19:00, 5.4244709, 95.6381380, 643.5
2021-03-12T10:19:01, 5.4244766, 95.6381300, 643.2
2021-03-12T10:19:02, 5.4244843, 95.6381230, 643.6
2021-03-12T10:19:03, 5.4244905, 95.6381230, 644.2
2021-03-12T10:19:04, 5.4244967, 95.6381230, 644.5
2021-03-12T10:19:05, 5.4245038, 95.6381150, 645.3
2021-03-12T10:19:06, 5.4245110, 95.6381070, 645.6
2021-03-12T10:19:07, 5.4245152, 95.6381070, 645.7
2021-03-12T10:19:08, 5.4245186, 95.6381000, 645.9
2021-03-12T10:19:09, 5.4245234, 95.6380920, 645.9
2021-03-12T10:19:10, 5.4245305, 95.6380840, 646.2
2021-03-12T10:19:11, 5.4245353, 95.6380840, 646.1
2021-03-12T10:19:12, 5.4245391, 95.6380770, 646.0
2021-03-12T10:19:13, 5.4245439, 95.6380690, 646.2
2021-03-12T10:19:14, 5.4245462, 95.6380540, 646.7
2021-03-12T10:19:15, 5.4245453, 95.6380460, 646.9
2021-03-12T10:19:16, 5.4245439, 95.6380390, 647.7
2021-03-12T10:19:17, 5.4245439, 95.6380310, 647.5
2021-03-12T10:19:18, 5.4245439, 95.6380160, 647.5
2021-03-12T10:19:19, 5.4245439, 95.6380080, 647.5
2021-03-12T10:19:20, 5.4245439, 95.6380080, 647.2
2021-03-12T10:19:21, 5.4245458, 95.6380000, 647.0
2021-03-12T10:19:22, 5.4245462, 95.6379930, 646.7
2021-03-12T10:19:23, 5.4245462, 95.6379850, 646.8
2021-03-12T10:19:24, 5.4245458, 95.6379700, 646.6
2021-03-12T10:19:25, 5.4245448, 95.6379620, 646.6
2021-03-12T10:19:26, 5.4245458, 95.6379550, 646.6
2021-03-12T10:19:27, 5.4245505, 95.6379470, 646.6
2021-03-12T10:19:29, 5.4245553, 95.6379320, 646.7
2021-03-12T10:19:30, 5.4245572, 95.6379320, 647.1
2021-03-12T10:19:31, 5.4245577, 95.6379320, 647.2
2021-03-12T10:19:32, 5.4245577, 95.6379320, 646.9
2021-03-12T10:19:33, 5.4245567, 95.6379320, 646.8
2021-03-12T10:19:34, 5.4245577, 95.6379320, 647.0
2021-03-12T10:19:35, 5.4245586, 95.6379320, 647.0
2021-03-12T10:19:36, 5.4245586, 95.6379320, 647.0
2021-03-12T10:19:37, 5.4245577, 95.6379390, 646.9
2021-03-12T10:19:38, 5.4245615, 95.6379320, 647.1
2021-03-12T10:19:39, 5.4245663, 95.6379390, 647.2
2021-03-12T10:19:40, 5.4245687, 95.6379390, 647.0
2021-03-12T10:19:41, 5.4245696, 95.6379390, 646.9
2021-03-12T10:19:42, 5.4245710, 95.6379390, 647.2
2021-03-12T10:19:43, 5.4245725, 95.6379390, 647.2
2021-03-12T10:19:44, 5.4245739, 95.6379390, 647.2
2021-03-12T10:19:45, 5.4245744, 95.6379390, 647.5
2021-03-12T10:19:46, 5.4245739, 95.6379390, 647.2
2021-03-12T10:19:47, 5.4245729, 95.6379390, 647.1
2021-03-12T10:19:48, 5.4245725, 95.6379390, 646.7
2021-03-12T10:19:49, 5.4245734, 95.6379390, 647.0
2021-03-12T10:19:50, 5.4245739, 95.6379390, 647.0
2021-03-12T10:19:51, 5.4245725, 95.6379470, 646.8
2021-03-12T10:19:52, 5.4245729, 95.6379470, 647.1
2021-03-12T10:19:53, 5.4245744, 95.6379550, 647.6
2021-03-12T10:19:54, 5.4245744, 95.6379550, 647.7
2021-03-12T10:19:55, 5.4245744, 95.6379550, 647.6
2021-03-12T10:19:56, 5.4245763, 95.6379550, 648.2
2021-03-12T10:19:57, 5.4245772, 95.6379620, 648.5
2021-03-12T10:19:58, 5.4245763, 95.6379620, 648.6
2021-03-12T10:19:59, 5.4245763, 95.6379620, 648.4
2021-03-12T10:20:00, 5.4245768, 95.6379620, 648.4
2021-03-12T10:20:01, 5.4245763, 95.6379550, 648.4
2021-03-12T10:20:02, 5.4245758, 95.6379470, 648.3
2021-03-12T10:20:03, 5.4245753, 95.6379390, 648.0
2021-03-12T10:20:04, 5.4245801, 95.6379390, 648.1
2021-03-12T10:20:05, 5.4245863, 95.6379390, 647.9
2021-03-12T10:20:07, 5.4246011, 95.6379470, 648.1
2021-03-12T10:20:08, 5.4246068, 95.6379470, 648.1
2021-03-12T10:20:09, 5.4246125, 95.6379470, 648.1
2021-03-12T10:20:10, 5.4246211, 95.6379470, 648.1
2021-03-12T10:20:11, 5.4246302, 95.6379470, 648.2
2021-03-12T10:20:12, 5.4246402, 95.6379470, 648.0
2021-03-12T10:20:13, 5.4246492, 95.6379470, 648.3
2021-03-12T10:20:14, 5.4246559, 95.6379470, 648.2
2021-03-12T10:20:15, 5.4246626, 95.6379470, 648.4
2021-03-12T10:20:16, 5.4246697, 95.6379470, 648.2
2021-03-12T10:20:17, 5.4246769, 95.6379470, 648.7
2021-03-12T10:20:18, 5.4246845, 95.6379470, 648.7
2021-03-12T10:20:19, 5.4246902, 95.6379390, 649.2
2021-03-12T10:20:20, 5.4246993, 95.6379320, 648.6
2021-03-12T10:20:21, 5.4247079, 95.6379320, 648.8
2021-03-12T10:20:22, 5.4247131, 95.6379320, 648.8
2021-03-12T10:20:23, 5.4247189, 95.6379320, 648.3
2021-03-12T10:20:24, 5.4247246, 95.6379390, 648.4
2021-03-12T10:20:25, 5.4247327, 95.6379390, 648.6
2021-03-12T10:20:26, 5.4247398, 95.6379390, 648.4
2021-03-12T10:20:27, 5.4247456, 95.6379390, 648.5
2021-03-12T10:20:28, 5.4247522, 95.6379390, 648.9
2021-03-12T10:20:29, 5.4247575, 95.6379390, 648.8
2021-03-12T10:20:30, 5.4247642, 95.6379390, 649.3
2021-03-12T10:20:31, 5.4247708, 95.6379390, 649.4
2021-03-12T10:20:32, 5.4247775, 95.6379470, 649.8
2021-03-12T10:20:33, 5.4247832, 95.6379470, 649.3
2021-03-12T10:20:34, 5.4247856, 95.6379550, 648.9
2021-03-12T10:20:35, 5.4247870, 95.6379620, 648.8
2021-03-12T10:20:36, 5.4247913, 95.6379620, 648.5
2021-03-12T10:20:37, 5.4247971, 95.6379620, 648.3
2021-03-12T10:20:38, 5.4248018, 95.6379700, 648.6
2021-03-12T10:20:39, 5.4248085, 95.6379700, 648.2
2021-03-12T10:20:40, 5.4248152, 95.6379700, 648.0
2021-03-12T10:20:41, 5.4248238, 95.6379780, 648.1
2021-03-12T10:20:42, 5.4248309, 95.6379780, 648.1
2021-03-12T10:20:43, 5.4248385, 95.6379850, 648.2
2021-03-12T10:20:44, 5.4248457, 95.6379850, 648.3
2021-03-12T10:20:46, 5.4248629, 95.6379930, 649.0
2021-03-12T10:20:47, 5.4248691, 95.6379930, 649.5
2021-03-12T10:20:48, 5.4248776, 95.6379930, 650.0
2021-03-12T10:20:49, 5.4248843, 95.6379930, 650.6
2021-03-12T10:20:50, 5.4248910, 95.6380000, 650.8
2021-03-12T10:20:51, 5.4248962, 95.6380000, 650.9
2021-03-12T10:20:52, 5.4249015, 95.6380000, 651.0
2021-03-12T10:20:53, 5.4249058, 95.6379930, 651.1
2021-03-12T10:20:54, 5.4249105, 95.6379930, 651.7
2021-03-12T10:20:55, 5.4249134, 95.6379930, 652.1
2021-03-12T10:20:56, 5.4249144, 95.6379930, 652.2
2021-03-12T10:20:57, 5.4249201, 95.6379930, 652.5
2021-03-12T10:20:58, 5.4249272, 95.6379930, 652.6
2021-03-12T10:20:59, 5.4249334, 95.6379930, 652.9
2021-03-12T10:21:00, 5.4249368, 95.6380000, 653.2
2021-03-12T10:21:01, 5.4249425, 95.6380080, 652.7
2021-03-12T10:21:02, 5.4249492, 95.6380080, 652.6
2021-03-12T10:21:03, 5.4249554, 95.6380080, 652.5
2021-03-12T10:21:04, 5.4249611, 95.6380160, 652.6
2021-03-12T10:21:05, 5.4249659, 95.6380230, 653.0
2021-03-12T10:21:06, 5.4249706, 95.6380310, 653.0
2021-03-12T10:21:07, 5.4249754, 95.6380390, 653.1
2021-03-12T10:21:08, 5.4249778, 95.6380460, 652.9
2021-03-12T10:21:09, 5.4249792, 95.6380460, 653.2
2021-03-12T10:21:10, 5.4249825, 95.6380540, 653.4
2021-03-12T10:21:11, 5.4249868, 95.6380620, 653.7
2021-03-12T10:21:12, 5.4249887, 95.6380690, 653.4
2021-03-12T10:21:13, 5.4249897, 95.6380770, 653.3
2021-03-12T10:21:14, 5.4249907, 95.6380840, 653.5
2021-03-12T10:21:15, 5.4249930, 95.6380840, 653.5
2021-03-12T10:21:16, 5.4249964, 95.6380920, 653.6
2021-03-12T10:21:17, 5.4249969, 95.6380920, 653.7
2021-03-12T10:21:18, 5.4249978, 95.6381070, 653.8
2021-03-12T10:21:19, 5.4249992, 95.6381150, 654.0
2021-03-12T10:21:20, 5.4250007, 95.6381230, 653.8
2021-03-12T10:21:21, 5.4250031, 95.6381230, 653.3
2021-03-12T10:21:22, 5.4250064, 95.6381300, 653.8
2021-03-12T10:21:23, 5.4250112, 95.6381450, 654.0
2021-03-12T10:21:25, 5.4250169, 95.6381610, 654.3
2021-03-12T10:21:26, 5.4250193, 95.6381610, 654.8
2021-03-12T10:21:27, 5.4250226, 95.6381680, 654.9
2021-03-12T10:21:28, 5.4250259, 95.6381840, 654.9
2021-03-12T10:21:29, 5.4250302, 95.6381910, 654.4
2021-03-12T10:21:30, 5.4250321, 95.6381990, 654.1
2021-03-12T10:21:31, 5.4250350, 95.6382060, 654.0
2021-03-12T10:21:32, 5.4250379, 95.6382060, 653.8
2021-03-12T10:21:33, 5.4250407, 95.6382060, 653.9
2021-03-12T10:21:34, 5.4250464, 95.6382220, 653.6
2021-03-12T10:21:35, 5.4250503, 95.6382290, 653.6
2021-03-12T10:21:36, 5.4250555, 95.6382370, 653.8
2021-03-12T10:21:37, 5.4250607, 95.6382450, 653.9
2021-03-12T10:21:38, 5.4250655, 95.6382450, 654.0
2021-03-12T10:21:39, 5.4250703, 95.6382520, 654.1
2021-03-12T10:21:40, 5.4250751, 95.6382600, 654.6
2021-03-12T10:21:41, 5.4250808, 95.6382600, 654.7
2021-03-12T10:21:42, 5.4250889, 95.6382680, 655.3
2021-03-12T10:21:43, 5.4250984, 95.6382750, 655.5
2021-03-12T10:21:44, 5.4251075, 95.6382750, 655.4
2021-03-12T10:21:45, 5.4251156, 95.6382750, 655.5
2021-03-12T10:21:46, 5.4251237, 95.6382830, 655.5
2021-03-12T10:21:47, 5.4251304, 95.6382830, 655.7
2021-03-12T10:21:48, 5.4251385, 95.6382830, 656.1
2021-03-12T10:21:49, 5.4251475, 95.6382830, 656.5
2021-03-12T10:21:50, 5.4251552, 95.6382830, 657.2
2021-03-12T10:21:51, 5.4251628, 95.6382830, 657.6
2021-03-12T10:21:52, 5.4251719, 95.6382830, 657.7
2021-03-12T10:21:53, 5.4251800, 95.6382830, 657.8
2021-03-12T10:21:54, 5.4251881, 95.6382830, 656.9
2021-03-12T10:21:55, 5.4251952, 95.6382830, 657.4
2021-03-12T10:21:56, 5.4252024, 95.6382830, 657.4
2021-03-12T10:21:57, 5.4252067, 95.6382830, 657.7
2021-03-12T10:21:58, 5.4252076, 95.6382830, 657.6
2021-03-12T10:21:59, 5.4252081, 95.6382830, 657.6
2021-03-12T10:22:00, 5.4252086, 95.6382830, 657.5
2021-03-12T10:22:01, 5.4252090, 95.6382830, 657.6
2021-03-12T10:22:02, 5.4252110, 95.6382830, 657.7
2021-03-12T10:22:04, 5.4252114, 95.6382830, 658.9
2021-03-12T10:22:05, 5.4252152, 95.6382830, 659.5
2021-03-12T10:22:06, 5.4252191, 95.6382830, 659.5
2021-03-12T10:22:07, 5.4252238, 95.6382830, 659.6
2021-03-12T10:22:08, 5.4252267, 95.6382830, 659.7
2021-03-12T10:22:09, 5.4252291, 95.6382830, 659.1
2021-03-12T10:22:10, 5.4252381, 95.6382830, 658.8
2021-03-12T10:22:11, 5.4252439, 95.6382830, 658.9
2021-03-12T10:22:12, 5.4252439, 95.6382830, 659.4
2021-03-12T10:22:13, 5.4252448, 95.6382830, 659.7
2021-03-12T10:22:14, 5.4252448, 95.6382830, 659.4
2021-03-12T10:22:15, 5.4252458, 95.6382830, 659.3
2021-03-12T10:22:16, 5.4252462, 95.6382830, 659.5
2021-03-12T10:22:17, 5.4252462, 95.6382830, 659.3
2021-03-12T10:22:18, 5.4252481, 95.6382830, 659.2
2021-03-12T10:22:19, 5.4252501, 95.6382830, 659.1
2021-03-12T10:22:20, 5.4252524, 95.6382830, 659.1
2021-03-12T10:22:21, 5.4252577, 95.6382830, 659.4
2021-03-12T10:22:22, 5.4252634, 95.6382830, 659.1
2021-03-12T10:22:23, 5.4252706, 95.6382830, 659.1
2021-03-12T10:22:24, 5.4252753, 95.6382830, 659.3
2021-03-12T10:22:25, 5.4252796, 95.6382830, 659.3
2021-03-12T10:22:26, 5.4252853, 95.6382830, 659.3
2021-03-12T10:22:27, 5.4252925, 95.6382830, 659.1
2021-03-12T10:22:28, 5.4252977, 95.6382830, 658.5
2021-03-12T10:22:29, 5.4253006, 95.6382830, 658.3
2021-03-12T10:22:30, 5.4253082, 95.6382830, 657.9
2021-03-12T10:22:31, 5.4253178, 95.6382830, 656.7
2021-03-12T10:22:32, 5.4253244, 95.6382830, 656.3
2021-03-12T10:22:33, 5.4253292, 95.6382830, 656.2
2021-03-12T10:22:34, 5.4253354, 95.6382830, 656.6
2021-03-12T10:22:35, 5.4253411, 95.6382830, 656.5
2021-03-12T10:22:36, 5.4253478, 95.6382830, 656.8
2021-03-12T10:22:37, 5.4253545, 95.6382830, 657.6
2021-03-12T10:22:38, 5.4253602, 95.6382900, 658.5
2021-03-12T10:22:39, 5.4253669, 95.6382900, 658.4
2021-03-12T10:22:40, 5.4253731, 95.6382900, 658.8
2021-03-12T10:22:42, 5.4253879, 95.6382900, 658.8
2021-03-12T10:22:43, 5.4253955, 95.6382830, 658.9
2021-03-12T10:22:44, 5.4254026, 95.6382830, 659.0
2021-03-12T10:22:45, 5.4254093, 95.6382900, 659.3
2021-03-12T10:22:46, 5.4254169, 95.6382900, 659.3
2021-03-12T10:22:47, 5.4254241, 95.6382900, 659.4
2021-03-12T10:22:48, 5.4254308, 95.6382900, 659.6
2021-03-12T10:22:49, 5.4254375, 95.6382900, 659.3
2021-03-12T10:22:50, 5.4254432, 95.6382900, 659.5
2021-03-12T10:22:51, 5.4254489, 95.6382900, 659.4
2021-03-12T10:22:52, 5.4254560, 95.6382900, 659.5
2021-03-12T10:22:53, 5.4254651, 95.6382900, 659.8
2021-03-12T10:22:54, 5.4254751, 95.6382980, 660.0
2021-03-12T10:22:55, 5.4254827, 95.6382980, 659.9
2021-03-12T10:22:56, 5.4254904, 95.6382980, 659.9
2021-03-12T10:22:57, 5.4254990, 95.6382980, 660.6
2021-03-12T10:22:58, 5.4255047, 95.6382980, 660.8
2021-03-12T10:22:59, 5.4255118, 95.6383060, 660.9
2021-03-12T10:23:00, 5.4255185, 95.6382980, 661.0
2021-03-12T10:23:01, 5.4255233, 95.6382980, 661.2
2021-03-12T10:23:02, 5.4255304, 95.6382980, 661.1
2021-03-12T10:23:03, 5.4255366, 95.6382980, 661.5
2021-03-12T10:23:04, 5.4255428, 95.6382980, 661.5
2021-03-12T10:23:05, 5.4255481, 95.6382980, 662.1
2021-03-12T10:23:06, 5.4255538, 95.6382900, 662.3
2021-03-12T10:23:07, 5.4255576, 95.6382900, 662.3
2021-03-12T10:23:08, 5.4255638, 95.6382830, 662.3
2021-03-12T10:23:09, 5.4255695, 95.6382830, 662.5
2021-03-12T10:23:10, 5.4255762, 95.6382830, 662.9
2021-03-12T10:23:11, 5.4255800, 95.6382830, 663.4
2021-03-12T10:23:12, 5.4255843, 95.6382750, 663.6
2021-03-12T10:23:13, 5.4255886, 95.6382750, 663.7
2021-03-12T10:23:14, 5.4255929, 95.6382750, 664.1
2021-03-12T10:23:15, 5.4255991, 95.6382680, 664.1
2021-03-12T10:23:16, 5.4256039, 95.6382600, 664.4
2021-03-12T10:23:17, 5.4256091, 95.6382520, 664.6
2021-03-12T10:23:18, 5.4256134, 95.6382520, 664.5
2021-03-12T10:23:19, 5.4256167, 95.6382450, 664.8
2021-03-12T10:23:20, 5.4256196, 95.6382450, 665.0
2021-03-12T10:23:22, 5.4256263, 95.6382370, 665.3
2021-03-12T10:23:23, 5.4256282, 95.6382290, 665.7
2021-03-12T10:23:24, 5.4256310, 95.6382290, 665.5
2021-03-12T10:23:25, 5.4256344, 95.6382220, 665.5
2021-03-12T10:23:26, 5.4256387, 95.6382140, 665.4
2021-03-12T10:23:27, 5.4256425, 95.6382140, 665.5
2021-03-12T10:23:28, 5.4256454, 95.6382060, 665.4
2021-03-12T10:23:29, 5.4256482, 95.6382060, 665.7
2021-03-12T10:23:30, 5.4256535, 95.6381990, 665.9
2021-03-12T10:23:31, 5.4256597, 95.6381910, 665.6
2021-03-12T10:23:32, 5.4256659, 95.6381840, 665.9
2021-03-12T10:23:33, 5.4256711, 95.6381760, 666.3
2021-03-12T10:23:34, 5.4256768, 95.6381680, 666.3
2021-03-12T10:23:35, 5.4256816, 95.6381680, 666.5
2021-03-12T10:23:36, 5.4256859, 95.6381610, 666.2
2021-03-12T10:23:37, 5.4256907, 95.6381610, 666.9
2021-03-12T10:23:38, 5.4256959, 95.6381610, 667.1
2021-03-12T10:23:39, 5.4257016, 95.6381530, 667.6
2021-03-12T10:23:40, 5.4257054, 95.6381530, 667.8
2021-03-12T10:23:41, 5.4257054, 95.6381450, 668.0
2021-03-12T10:23:42, 5.4257054, 95.6381450, 667.9
2021-03-12T10:23:43, 5.4257054, 95.6381450, 668.0
2021-03-12T10:23:44, 5.4257064, 95.6381450, 668.1
2021-03-12T10:23:45, 5.4257078, 95.6381380, 668.0
2021-03-12T10:23:46, 5.4257088, 95.6381380, 668.1
2021-03-12T10:23:47, 5.4257088, 95.6381380, 668.2
2021-03-12T10:23:48, 5.4257083, 95.6381380, 668.3
2021-03-12T10:23:49, 5.4257073, 95.6381450, 668.2
2021-03-12T10:23:50, 5.4257083, 95.6381450, 668.3
2021-03-12T10:23:51, 5.4257102, 95.6381450, 669.2
2021-03-12T10:23:52, 5.4257107, 95.6381450, 670.2
2021-03-12T10:23:53, 5.4257112, 95.6381450, 670.8
2021-03-12T10:23:54, 5.4257112, 95.6381450, 670.9
2021-03-12T10:23:55, 5.4257131, 95.6381450, 671.1
2021-03-12T10:23:56, 5.4257140, 95.6381450, 671.2
2021-03-12T10:23:57, 5.4257154, 95.6381450, 671.4
2021-03-12T10:23:58, 5.4257154, 95.6381450, 671.4
2021-03-12T10:23:59, 5.4257159, 95.6381450, 671.6
2021-03-12T10:24:00, 5.4257164, 95.6381450, 671.7
2021-03-12T10:24:02, 5.4257188, 95.6381450, 671.7
2021-03-12T10:24:03, 5.4257197, 95.6381450, 671.8
2021-03-12T10:24:04, 5.4257193, 95.6381380, 672.0
2021-03-12T10:24:05, 5.4257174, 95.6381450, 671.7
2021-03-12T10:24:06, 5.4257169, 95.6381450, 671.2
2021-03-12T10:24:07, 5.4257169, 95.6381450, 670.9
2021-03-12T10:24:08, 5.4257174, 95.6381450, 670.8
2021-03-12T10:24:09, 5.4257174, 95.6381450, 670.9
2021-03-12T10:24:10, 5.4257169, 95.6381450, 670.8
2021-03-12T10:24:11, 5.4257169, 95.6381380, 670.7
2021-03-12T10:24:12, 5.4257169, 95.6381380, 670.7
2021-03-12T10:24:13, 5.4257169, 95.6381380, 670.5
2021-03-12T10:24:14, 5.4257164, 95.6381380, 670.4
2021-03-12T10:24:15, 5.4257159, 95.6381380, 670.3
2021-03-12T10:24:16, 5.4257159, 95.6381450, 670.3
2021-03-12T10:24:17, 5.4257188, 95.6381380, 673.4
2021-03-12T10:24:18, 5.4257250, 95.6381380, 673.6
2021-03-12T10:24:19, 5.4257321, 95.6381380, 673.9
2021-03-12T10:24:20, 5.4257369, 95.6381380, 673.9
2021-03-12T10:24:21, 5.4257393, 95.6381450, 673.9
2021-03-12T10:24:22, 5.4257398, 95.6381450, 673.3
2021-03-12T10:24:23, 5.4257398, 95.6381450, 673.1
2021-03-12T10:24:24, 5.4257393, 95.6381450, 672.9
2021-03-12T10:24:25, 5.4257393, 95.6381450, 672.7
2021-03-12T10:24:26, 5.4257379, 95.6381450, 673.0
2021-03-12T10:24:27, 5.4257379, 95.6381530, 673.0
2021-03-12T10:24:28, 5.4257379, 95.6381530, 672.4
2021-03-12T10:24:29, 5.4257374, 95.6381530, 672.2
2021-03-12T10:24:30, 5.4257369, 95.6381530, 672.2
2021-03-12T10:24:31, 5.4257379, 95.6381530, 672.1
2021-03-12T10:24:32, 5.4257388, 95.6381530, 671.8
2021-03-12T10:24:33, 5.4257417, 95.6381530, 671.7
2021-03-12T10:24:34, 5.4257469, 95.6381530, 670.7
2021-03-12T10:24:35, 5.4257555, 95.6381530, 670.5
2021-03-12T10:24:36, 5.4257617, 95.6381610, 670.1
2021-03-12T10:24:37, 5.4257693, 95.6381610, 670.3
2021-03-12T10:24:38, 5.4257751, 95.6381610, 670.2
2021-03-12T10:24:39, 5.4257808, 95.6381610, 670.0
2021-03-12T10:24:41, 5.4257946, 95.6381680, 669.9
2021-03-12T10:24:42, 5.4257998, 95.6381760, 670.0
2021-03-12T10:24:43, 5.4258056, 95.6381760, 669.7
2021-03-12T10:24:44, 5.4258132, 95.6381840, 669.9
2021-03-12T10:24:45, 5.4258184, 95.6381840, 669.9
2021-03-12T10:24:46, 5.4258223, 95.6381840, 669.2
2021-03-12T10:24:47, 5.4258275, 95.6381910, 669.6
2021-03-12T10:24:48, 5.4258347, 95.6381910, 669.8
2021-03-12T10:24:49, 5.4258413, 95.6381910, 670.0
2021-03-12T10:24:50, 5.4258471, 95.6381990, 670.3
2021-03-12T10:24:51, 5.4258537, 95.6381990, 670.5
2021-03-12T10:24:52, 5.4258595, 95.6382060, 670.6
2021-03-12T10:24:53, 5.4258647, 95.6382060, 670.6
2021-03-12T10:24:54, 5.4258733, 95.6382060, 670.6
2021-03-12T10:24:55, 5.4258809, 95.6382060, 670.9
2021-03-12T10:24:56, 5.4258890, 95.6382060, 671.1
2021-03-12T10:24:57, 5.4258966, 95.6382060, 671.3
2021-03-12T10:24:58, 5.4259024, 95.6382140, 671.5
2021-03-12T10:24:59, 5.4259109, 95.6382140, 671.4
2021-03-12T10:25:00, 5.4259176, 95.6382140, 671.9
2021-03-12T10:25:01, 5.4259253, 95.6382220, 672.0
2021-03-12T10:25:02, 5.4259334, 95.6382220, 672.1
2021-03-12T10:25:03, 5.4259410, 95.6382220, 672.2
2021-03-12T10:25:04, 5.4259467, 95.6382290, 672.4
2021-03-12T10:25:05, 5.4259529, 95.6382290, 672.2
2021-03-12T10:25:06, 5.4259586, 95.6382290, 672.1
2021-03-12T10:25:07, 5.4259639, 95.6382290, 672.4
2021-03-12T10:25:08, 5.4259691, 95.6382290, 672.9
2021-03-12T10:25:09, 5.4259763, 95.6382370, 672.7
2021-03-12T10:25:10, 5.4259825, 95.6382370, 673.0
2021-03-12T10:25:11, 5.4259887, 95.6382450, 673.4
2021-03-12T10:25:12, 5.4259944, 95.6382450, 673.3
2021-03-12T10:25:13, 5.4259977, 95.6382450, 673.4
2021-03-12T10:25:14, 5.4260039, 95.6382450, 673.4
2021-03-12T10:25:15, 5.4260125, 95.6382520, 673.1
2021-03-12T10:25:16, 5.4260197, 95.6382520, 673.1
2021-03-12T10:25:17, 5.4260249, 95.6382600, 673.4
2021-03-12T10:25:18, 5.4260311, 95.6382600, 674.1
2021-03-12T10:25:20, 5.4260454, 95.6382680, 674.0
2021-03-12T10:25:21, 5.4260507, 95.6382680, 674.0
2021-03-12T10:25:22, 5.4260559, 95.6382750, 674.1
2021-03-12T10:25:23, 5.4260607, 95.6382830, 674.1
2021-03-12T10:25:24, 5.4260654, 95.6382830, 673.7
2021-03-12T10:25:25, 5.4260707, 95.6382830, 674.0
2021-03-12T10:25:26, 5.4260759, 95.6382900, 674.0
2021-03-12T10:25:27, 5.4260802, 95.6382980, 673.8
2021-03-12T10:25:28, 5.4260864, 95.6382980, 673.4
2021-03-12T10:25:29, 5.4260931, 95.6383060, 673.6
2021-03-12T10:25:30, 5.4260983, 95.6383130, 673.6
2021-03-12T10:25:31, 5.4261026, 95.6383130, 673.6
2021-03-12T10:25:32, 5.4261103, 95.6383210, 673.9
2021-03-12T10:25:33, 5.4261146, 95.6383210, 674.1
2021-03-12T10:25:34, 5.4261193, 95.6383290, 673.9
2021-03-12T10:25:35, 5.4261227, 95.6383360, 674.5
2021-03-12T10:25:36, 5.4261274, 95.6383440, 674.3
2021-03-12T10:25:37, 5.4261303, 95.6383510, 674.2
2021-03-12T10:25:38, 5.4261322, 95.6383590, 674.0
2021-03-12T10:25:39, 5.4261351, 95.6383590, 673.8
2021-03-12T10:25:40, 5.4261389, 95.6383590, 673.6
2021-03-12T10:25:41, 5.4261417, 95.6383670, 673.6
2021-03-12T10:25:42, 5.4261441, 95.6383740, 673.9
2021-03-12T10:25:43, 5.4261475, 95.6383820, 673.8
2021-03-12T10:25:44, 5.4261513, 95.6383900, 674.3
2021-03-12T10:25:45, 5.4261546, 95.6383970, 674.2
2021-03-12T10:25:46, 5.4261584, 95.6384050, 674.6
2021-03-12T10:25:47, 5.4261646, 95.6384050, 674.4
2021-03-12T10:25:48, 5.4261694, 95.6384120, 674.6
2021-03-12T10:25:49, 5.4261746, 95.6384200, 674.5
2021-03-12T10:25:50, 5.4261794, 95.6384280, 674.8
2021-03-12T10:25:51, 5.4261832, 95.6384350, 675.1
2021-03-12T10:25:52, 5.4261866, 95.6384350, 675.1
2021-03-12T10:25:53, 5.4261889, 95.6384430, 675.3
2021-03-12T10:25:54, 5.4261951, 95.6384510, 675.1
2021-03-12T10:25:55, 5.4261999, 95.6384510, 675.1
2021-03-12T10:25:56, 5.4262037, 95.6384580, 674.9
2021-03-12T10:25:58, 5.4262118, 95.6384660, 675.3
2021-03-12T10:25:59, 5.4262166, 95.6384740, 675.7
2021-03-12T10:26:00, 5.4262204, 95.6384810, 676.3
2021-03-12T10:26:01, 5.4262233, 95.6384810, 676.4
2021-03-12T10:26:02, 5.4262242, 95.6384810, 676.7
2021-03-12T10:26:03, 5.4262247, 95.6384810, 676.6
2021-03-12T10:26:04, 5.4262276, 95.6384810, 676.5
2021-03-12T10:26:05, 5.4262309, 95.6384890, 676.4
2021-03-12T10:26:06, 5.4262328, 95.6384890, 676.5
2021-03-12T10:26:07, 5.4262352, 95.6384960, 676.4
2021-03-12T10:26:08, 5.4262395, 95.6385120, 676.5
2021-03-12T10:26:09, 5.4262438, 95.6385190, 676.6
2021-03-12T10:26:10, 5.4262466, 95.6385190, 676.6
2021-03-12T10:26:11, 5.4262457, 95.6385190, 676.6
2021-03-12T10:26:12, 5.4262443, 95.6385270, 676.1
2021-03-12T10:26:13, 5.4262443, 95.6385350, 677.3
2021-03-12T10:26:14, 5.4262419, 95.6385420, 677.4
2021-03-12T10:26:15, 5.4262409, 95.6385500, 677.8
2021-03-12T10:26:16, 5.4262400, 95.6385500, 678.0
2021-03-12T10:26:17, 5.4262414, 95.6385570, 677.9
2021-03-12T10:26:18, 5.4262438, 95.6385500, 677.8
2021-03-12T10:26:19, 5.4262486, 95.6385570, 677.9
2021-03-12T10:26:20, 5.4262543, 95.6385570, 678.0
2021-03-12T10:26:21, 5.4262614, 95.6385500, 678.3
2021-03-12T10:26:22, 5.4262676, 95.6385500, 678.7
2021-03-12T10:26:23, 5.4262743, 95.6385420, 678.8
2021-03-12T10:26:24, 5.4262800, 95.6385350, 679.0
2021-03-12T10:26:25, 5.4262843, 95.6385270, 679.0
2021-03-12T10:26:26, 5.4262915, 95.6385270, 678.9
2021-03-12T10:26:27, 5.4262972, 95.6385270, 679.0
2021-03-12T10:26:28, 5.4263015, 95.6385270, 678.7
2021-03-12T10:26:29, 5.4263072, 95.6385270, 678.5
2021-03-12T10:26:30, 5.4263124, 95.6385190, 678.6
2021-03-12T10:26:31, 5.4263186, 95.6385190, 678.8
2021-03-12T10:26:32, 5.4263244, 95.6385120, 678.8
2021-03-12T10:26:33, 5.4263287, 95.6385120, 679.0
2021-03-12T10:26:34, 5.4263353, 95.6385120, 679.2
2021-03-12T10:26:35, 5.4263415, 95.6385120, 679.1
2021-03-12T10:26:36, 5.4263473, 95.6385120, 679.4
2021-03-12T10:26:37, 5.4263530, 95.6385120, 679.8
2021-03-12T10:26:39, 5.4263616, 95.6385120, 680.2
2021-03-12T10:26:40, 5.4263673, 95.6385190, 680.2
2021-03-12T10:26:41, 5.4263730, 95.6385190, 680.6
2021-03-12T10:26:42, 5.4263783, 95.6385190, 681.2
2021-03-12T10:26:43, 5.4263840, 95.6385190, 681.5
2021-03-12T10:26:44, 5.4263892, 95.6385190, 681.3
2021-03-12T10:26:45, 5.4263935, 95.6385190, 681.5
2021-03-12T10:26:46, 5.4263973, 95.6385190, 681.6
2021-03-12T10:26:47, 5.4264035, 95.6385190, 681.6
2021-03-12T10:26:48, 5.4264107, 95.6385190, 681.8
2021-03-12T10:26:49, 5.4264159, 95.6385190, 682.2
2021-03-12T10:26:50, 5.4264226, 95.6385190, 682.2
2021-03-12T10:26:51, 5.4264288, 95.6385190, 682.2
2021-03-12T10:26:52, 5.4264340, 95.6385190, 682.8
2021-03-12T10:26:53, 5.4264402, 95.6385190, 683.0
2021-03-12T10:26:54, 5.4264455, 95.6385190, 683.5
2021-03-12T10:26:55, 5.4264503, 95.6385190, 683.7
2021-03-12T10:26:56, 5.4264555, 95.6385190, 684.0
2021-03-12T10:26:57, 5.4264593, 95.6385190, 684.0
2021-03-12T10:26:58, 5.4264641, 95.6385190, 684.0
2021-03-12T10:26:59, 5.4264717, 95.6385190, 684.1
2021-03-12T10:27:00, 5.4264784, 95.6385190, 684.4
2021-03-12T10:27:01, 5.4264836, 95.6385190, 684.8
2021-03-12T10:27:02, 5.4264884, 95.6385270, 685.0
2021-03-12T10:27:03, 5.4264946, 95.6385270, 685.0
2021-03-12T10:27:04, 5.4265018, 95.6385270, 684.7
2021-03-12T10:27:05, 5.4265079, 95.6385270, 685.0
2021-03-12T10:27:06, 5.4265122, 95.6385350, 685.1
2021-03-12T10:27:07, 5.4265175, 95.6385350, 685.2
2021-03-12T10:27:08, 5.4265242, 95.6385350, 685.2
2021-03-12T10:27:09, 5.4265285, 95.6385420, 685.2
2021-03-12T10:27:10, 5.4265347, 95.6385420, 685.3
2021-03-12T10:27:11, 5.4265409, 95.6385420, 685.2
2021-03-12T10:27:12, 5.4265471, 95.6385420, 685.5
2021-03-12T10:27:13, 5.4265528, 95.6385420, 685.1
2021-03-12T10:27:14, 5.4265571, 95.6385420, 685.2
2021-03-12T10:27:15, 5.4265623, 95.6385500, 684.9
2021-03-12T10:27:16, 5.4265695, 95.6385500, 684.5
2021-03-12T10:27:17, 5.4265757, 95.6385500, 684.8
2021-03-12T10:27:19, 5.4265866, 95.6385500, 685.1
2021-03-12T10:27:20, 5.4265881, 95.6385500, 684.9
2021-03-12T10:27:21, 5.4265890, 95.6385500, 684.9
2021-03-12T10:27:22, 5.4265919, 95.6385500, 685.1
2021-03-12T10:27:23, 5.4265919, 95.6385500, 684.7
2021-03-12T10:27:24, 5.4265919, 95.6385500, 684.8
2021-03-12T10:27:25, 5.4265919, 95.6385500, 684.8
2021-03-12T10:27:26, 5.4265919, 95.6385570, 685.1
2021-03-12T10:27:27, 5.4265938, 95.6385570, 685.3
2021-03-12T10:27:28, 5.4265938, 95.6385570, 685.2
2021-03-12T10:27:29, 5.4265952, 95.6385570, 685.4
2021-03-12T10:27:30, 5.4265962, 95.6385570, 685.5
2021-03-12T10:27:31, 5.4265966, 95.6385570, 685.4
2021-03-12T10:27:32, 5.4265957, 95.6385500, 685.2
2021-03-12T10:27:33, 5.4265943, 95.6385500, 685.0
2021-03-12T10:27:34, 5.4265943, 95.6385500, 685.0
2021-03-12T10:27:35, 5.4265890, 95.6385420, 684.9
2021-03-12T10:27:36, 5.4265871, 95.6385420, 684.4
2021-03-12T10:27:37, 5.4265847, 95.6385350, 684.2
2021-03-12T10:27:38, 5.4265919, 95.6385420, 684.0
2021-03-12T10:27:39, 5.4265919, 95.6385420, 683.7
2021-03-12T10:27:40, 5.4265966, 95.6385420, 683.8
2021-03-12T10:27:41, 5.4265990, 95.6385420, 684.1
2021-03-12T10:27:42, 5.4266009, 95.6385420, 683.6
2021-03-12T10:27:43, 5.4266000, 95.6385420, 682.7
2021-03-12T10:27:44, 5.4265995, 95.6385420, 683.6
2021-03-12T10:27:45, 5.4265990, 95.6385350, 684.1
2021-03-12T10:27:46, 5.4265976, 95.6385350, 685.4
2021-03-12T10:27:47, 5.4265985, 95.6385350, 686.0
2021-03-12T10:27:48, 5.4265990, 95.6385350, 686.6
2021-03-12T10:27:49, 5.4265990, 95.6385350, 686.4
2021-03-12T10:27:50, 5.4265971, 95.6385350, 686.5
2021-03-12T10:27:51, 5.4265962, 95.6385350, 686.6
2021-03-12T10:27:52, 5.4265962, 95.6385350, 686.7
2021-03-12T10:27:53, 5.4265962, 95.6385350, 686.9
2021-03-12T10:27:54, 5.4265962, 95.6385420, 686.9
2021-03-12T10:27:55, 5.4265966, 95.6385350, 686.9
2021-03-12T10:27:56, 5.4265962, 95.6385350, 686.8
2021-03-12T10:27:58, 5.4265957, 95.6385420, 687.0
2021-03-12T10:27:59, 5.4265957, 95.6385420, 687.0
2021-03-12T10:28:00, 5.4265990, 95.6385500, 687.1
2021-03-12T10:28:01, 5.4266033, 95.6385500, 687.0
2021-03-12T10:28:02, 5.4266100, 95.6385500, 686.9
2021-03-12T10:28:03, 5.4266176, 95.6385570, 686.9
2021-03-12T10:28:04, 5.4266224, 95.6385570, 686.8
2021-03-12T10:28:05, 5.4266291, 95.6385570, 686.6
2021-03-12T10:28:06, 5.4266334, 95.6385570, 686.8
2021-03-12T10:28:07, 5.4266386, 95.6385650, 686.5
2021-03-12T10:28:08, 5.4266467, 95.6385650, 686.3
2021-03-12T10:28:09, 5.4266505, 95.6385730, 686.5
2021-03-12T10:28:10, 5.4266562, 95.6385730, 686.9
2021-03-12T10:28:11, 5.4266615, 95.6385730, 687.3
2021-03-12T10:28:12, 5.4266682, 95.6385800, 686.8
2021-03-12T10:28:13, 5.4266739, 95.6385880, 686.7
2021-03-12T10:28:14, 5.4266810, 95.6385880, 686.9
2021-03-12T10:28:15, 5.4266872, 95.6385880, 687.6
2021-03-12T10:28:16, 5.4266944, 95.6385960, 687.6
2021-03-12T10:28:17, 5.4267025, 95.6385960, 688.1
2021-03-12T10:28:18, 5.4267073, 95.6385960, 687.7
2021-03-12T10:28:19, 5.4267111, 95.6385960, 687.0
2021-03-12T10:28:20, 5.4267178, 95.6385960, 686.5
2021-03-12T10:28:21, 5.4267254, 95.6385960, 686.7
2021-03-12T10:28:22, 5.4267321, 95.6385960, 686.6
2021-03-12T10:28:23, 5.4267397, 95.6385960, 686.8
2021-03-12T10:28:24, 5.4267468, 95.6385960, 687.0
2021-03-12T10:28:25, 5.4267526, 95.6385960, 686.9
2021-03-12T10:28:26, 5.4267559, 95.6385960, 687.3
2021-03-12T10:28:27, 5.4267607, 95.6386030, 687.5
2021-03-12T10:28:28, 5.4267631, 95.6386030, 687.7
2021-03-12T10:28:29, 5.4267664, 95.6386110, 687.6
2021-03-12T10:28:30, 5.4267755, 95.6386110, 687.4
2021-03-12T10:28:31, 5.4267812, 95.6386180, 687.3
2021-03-12T10:28:32, 5.4267850, 95.6386180, 687.5
2021-03-12T10:28:33, 5.4267879, 95.6386260, 687.7
2021-03-12T10:28:34, 5.4267931, 95.6386340, 688.0
2021-03-12T10:28:35, 5.4267983, 95.6386410, 688.3
2021-03-12T10:28:36, 5.4268045, 95.6386410, 688.3
2021-03-12T10:28:38, 5.4268165, 95.6386410, 688.1
2021-03-12T10:28:39, 5.4268203, 95.6386490, 687.8
2021-03-12T10:28:40, 5.4268260, 95.6386490, 688.1
2021-03-12T10:28:41, 5.4268303, 95.6386490, 688.1
2021-03-12T10:28:42, 5.4268351, 95.6386570, 687.9
2021-03-12T10:28:43, 5.4268427, 95.6386570, 687.7
2021-03-12T10:28:44, 5.4268475, 95.6386570, 688.0
2021-03-12T10:28:45, 5.4268517, 95.6386640, 687.9
2021-03-12T10:28:46, 5.4268570, 95.6386640, 687.6
2021-03-12T10:28:47, 5.4268618, 95.6386640, 687.6
2021-03-12T10:28:48, 5.4268646, 95.6386640, 687.8
2021-03-12T10:28:49, 5.4268689, 95.6386720, 687.7
2021-03-12T10:28:50, 5.4268737, 95.6386800, 687.5
2021-03-12T10:28:51, 5.4268794, 95.6386800, 687.3
2021-03-12T10:28:52, 5.4268856, 95.6386800, 687.8
2021-03-12T10:28:53, 5.4268923, 95.6386800, 687.5
2021-03-12T10:28:54, 5.4269009, 95.6386800, 687.5
2021-03-12T10:28:55, 5.4269080, 95.6386800, 687.9
2021-03-12T10:28:56, 5.4269147, 95.6386800, 688.7
2021-03-12T10:28:57, 5.4269195, 95.6386800, 688.8
2021-03-12T10:28:58, 5.4269266, 95.6386870, 688.9
2021-03-12T10:28:59, 5.4269342, 95.6386870, 689.2
2021-03-12T10:29:00, 5.4269419, 95.6386870, 689.8
2021-03-12T10:29:01, 5.4269481, 95.6386870, 690.2
2021-03-12T10:29:02, 5.4269552, 95.6386870, 690.5
2021-03-12T10:29:03, 5.4269590, 95.6386950, 690.5
2021-03-12T10:29:04, 5.4269643, 95.6386950, 690.4
2021-03-12T10:29:05, 5.4269700, 95.6386950, 690.2
2021-03-12T10:29:06, 5.4269772, 95.6387020, 690.5
2021-03-12T10:29:07, 5.4269838, 95.6387020, 690.7
2021-03-12T10:29:08, 5.4269919, 95.6387020, 691.6
2021-03-12T10:29:09, 5.4270024, 95.6387020, 691.8
2021-03-12T10:29:10, 5.4270120, 95.6386950, 692.4
2021-03-12T10:29:11, 5.4270196, 95.6386950, 692.9
2021-03-12T10:29:12, 5.4270277, 95.6386950, 693.1
2021-03-12T10:29:13, 5.4270353, 95.6386950, 693.1
2021-03-12T10:29:14, 5.4270411, 95.6387020, 693.0
2021-03-12T10:29:15, 5.4270449, 95.6387020, 693.4
2021-03-12T10:29:16, 5.4270511, 95.6387020, 693.3
2021-03-12T10:29:18, 5.4270577, 95.6387020, 693.8
2021-03-12T10:29:19, 5.4270611, 95.6387020, 694.1
2021-03-12T10:29:20, 5.4270592, 95.6387020, 693.9
2021-03-12T10:29:21, 5.4270587, 95.6387020, 693.8
2021-03-12T10:29:22, 5.4270568, 95.6387100, 694.5
2021-03-12T10:29:23, 5.4270558, 95.6387100, 695.2
2021-03-12T10:29:24, 5.4270558, 95.6387100, 695.7
2021-03-12T10:29:25, 5.4270573, 95.6387180, 696.4
2021-03-12T10:29:26, 5.4270573, 95.6387180, 697.1
2021-03-12T10:29:27, 5.4270492, 95.6387180, 697.4
2021-03-12T10:29:28, 5.4270458, 95.6387180, 698.7
2021-03-12T10:29:29, 5.4270453, 95.6387180, 699.4
2021-03-12T10:29:30, 5.4270482, 95.6387180, 699.6
2021-03-12T10:29:31, 5.4270487, 95.6387180, 699.6
2021-03-12T10:29:32, 5.4270496, 95.6387180, 699.7
2021-03-12T10:29:33, 5.4270473, 95.6387180, 699.9
2021-03-12T10:29:34, 5.4270473, 95.6387180, 700.0
2021-03-12T10:29:35, 5.4270487, 95.6387250, 700.0
2021-03-12T10:29:36, 5.4270487, 95.6387250, 699.9
2021-03-12T10:29:37, 5.4270496, 95.6387250, 700.2
2021-03-12T10:29:38, 5.4270496, 95.6387250, 700.2
2021-03-12T10:29:39, 5.4270496, 95.6387250, 700.4
2021-03-12T10:29:40, 5.4270496, 95.6387250, 700.6
2021-03-12T10:29:41, 5.4270487, 95.6387250, 700.7
2021-03-12T10:29:42, 5.4270496, 95.6387250, 700.9
2021-03-12T10:29:43, 5.4270506, 95.6387250, 700.9
2021-03-12T10:29:44, 5.4270506, 95.6387250, 701.0
2021-03-12T10:29:45, 5.4270473, 95.6387250, 701.1
2021-03-12T10:29:46, 5.4270458, 95.6387250, 701.2
2021-03-12T10:29:47, 5.4270463, 95.6387250, 701.3
2021-03-12T10:29:48, 5.4270468, 95.6387180, 701.3
2021-03-12T10:29:49, 5.4270482, 95.6387180, 701.4
2021-03-12T10:29:50, 5.4270506, 95.6387180, 700.9
2021-03-12T10:29:51, 5.4270492, 95.6387180, 700.6
2021-03-12T10:29:52, 5.4270520, 95.6387180, 700.4
2021-03-12T10:29:53, 5.4270535, 95.6387180, 700.3
2021-03-12T10:29:54, 5.4270535, 95.6387180, 700.2
2021-03-12T10:29:55, 5.4270535, 95.6387180, 700.2
2021-03-12T10:29:57, 5.4270535, 95.6387180, 700.2
2021-03-12T10:29:58, 5.4270535, 95.6387180, 700.2
2021-03-12T10:29:59, 5.4270530, 95.6387180, 700.1
2021-03-12T10:30:00, 5.4270525, 95.6387180, 700.05
2021-03-12T10:30:01, 5.4270520, 95.6387180, 700.05
2021-03-12T10:30:02, 5.4270515, 95.6387180, 699.95
2021-03-12T10:30:03, 5.4270511, 95.6387180, 699.95
2021-03-12T10:30:04, 5.4270511, 95.6387180, 699.85
2021-03-12T10:30:05, 5.4270511, 95.6387180, 699.85
2021-03-12T10:30:06, 5.4270515, 95.6387100, 699.85
2021-03-12T10:30:07, 5.4270515, 95.6387180, 699.95
2021-03-12T10:30:08, 5.4270511, 95.6387180, 700.15
2021-03-12T10:30:09, 5.4270511, 95.6387180, 700.45
2021-03-12T10:30:10, 5.4270511, 95.6387180, 700.55
2021-03-12T10:30:11, 5.4270511, 95.6387180, 700.65
2021-03-12T10:30:12, 5.4270511, 95.6387100, 700.65
2021-03-12T10:30:13, 5.4270520, 95.6387100, 700.55
2021-03-12T10:30:14, 5.4270530, 95.6387100, 700.45
2021-03-12T10:30:15, 5.4270535, 95.6387100, 700.25
2021-03-12T10:30:16, 5.4270535, 95.6387100, 700.05
2021-03-12T10:30:17, 5.4270535, 95.6387100, 699.96
2021-03-12T10:30:18, 5.4270535, 95.6387100, 699.86
2021-03-12T10:30:19, 5.4270544, 95.6387100, 699.66
2021-03-12T10:30:20, 5.4270549, 95.6387100, 699.46
2021-03-12T10:30:21, 5.4270554, 95.6387100, 699.36
2021-03-12T10:30:22, 5.4270554, 95.6387100, 699.26
2021-03-12T10:30:23, 5.4270544, 95.6387100, 699.16
2021-03-12T10:30:24, 5.4270544, 95.6387100, 699.16
2021-03-12T10:30:25, 5.4270544, 95.6387100, 699.16
2021-03-12T10:30:26, 5.4270544, 95.6387100, 698.96
2021-03-12T10:30:27, 5.4270549, 95.6387100, 698.96
2021-03-12T10:30:28, 5.4270554, 95.6387100, 698.86
2021-03-12T10:30:29, 5.4270558, 95.6387020, 698.66
2021-03-12T10:30:30, 5.4270554, 95.6387020, 698.46
2021-03-12T10:30:31, 5.4270554, 95.6387020, 698.66
2021-03-12T10:30:32, 5.4270558, 95.6387020, 698.56
2021-03-12T10:30:33, 5.4270558, 95.6387020, 698.46
2021-03-12T10:30:34, 5.4270558, 95.6387020, 698.26
2021-03-12T10:30:36, 5.4270568, 95.6387100, 697.96
2021-03-12T10:30:37, 5.4270568, 95.6387100, 697.96
2021-03-12T10:30:38, 5.4270568, 95.6387100, 698.06
2021-03-12T10:30:39, 5.4270568, 95.6387100, 697.96
2021-03-12T10:30:40, 5.4270568, 95.6387100, 697.86
2021-03-12T10:30:41, 5.4270568, 95.6387100, 697.87
2021-03-12T10:30:42, 5.4270573, 95.6387100, 697.77
2021-03-12T10:30:43, 5.4270577, 95.6387100, 697.67
2021-03-12T10:30:44, 5.4270582, 95.6387100, 697.67
2021-03-12T10:30:45, 5.4270577, 95.6387100, 697.77
2021-03-12T10:30:46, 5.4270587, 95.6387100, 697.77
2021-03-12T10:30:47, 5.4270587, 95.6387100, 697.77
2021-03-12T10:30:48, 5.4270587, 95.6387100, 697.97
2021-03-12T10:30:49, 5.4270587, 95.6387100, 698.07
2021-03-12T10:30:50, 5.4270582, 95.6387100, 698.17
2021-03-12T10:30:51, 5.4270577, 95.6387100, 698.27
2021-03-12T10:30:52, 5.4270577, 95.6387100, 698.27
2021-03-12T10:30:53, 5.4270577, 95.6387100, 698.27
2021-03-12T10:30:54, 5.4270573, 95.6387180, 698.27
2021-03-12T10:30:55, 5.4270573, 95.6387180, 698.27
2021-03-12T10:30:56, 5.4270573, 95.6387180, 698.17
2021-03-12T10:30:57, 5.4270577, 95.6387180, 698.17
2021-03-12T10:30:58, 5.4270587, 95.6387180, 698.17
2021-03-12T10:30:59, 5.4270587, 95.6387180, 698.07
2021-03-12T10:31:00, 5.4270592, 95.6387180, 697.9
2021-03-12T10:31:01, 5.4270592, 95.6387180, 697.9
2021-03-12T10:31:02, 5.4270592, 95.6387180, 697.8
2021-03-12T10:31:03, 5.4270601, 95.6387180, 697.8
2021-03-12T10:31:04, 5.4270601, 95.6387180, 697.8
2021-03-12T10:31:05, 5.4270597, 95.6387180, 697.8
2021-03-12T10:31:06, 5.4270592, 95.6387180, 697.7
2021-03-12T10:31:07, 5.4270592, 95.6387180, 697.7
2021-03-12T10:31:08, 5.4270597, 95.6387180, 697.7
2021-03-12T10:31:09, 5.4270597, 95.6387180, 697.8
2021-03-12T10:31:10, 5.4270597, 95.6387180, 697.7
2021-03-12T10:31:11, 5.4270601, 95.6387180, 697.5
2021-03-12T10:31:12, 5.4270601, 95.6387180, 697.3
2021-03-12T10:31:13, 5.4270597, 95.6387180, 697.2
2021-03-12T10:31:14, 5.4270592, 95.6387180, 697.1
2021-03-12T10:31:16, 5.4270592, 95.6387180, 696.9
2021-03-12T10:31:17, 5.4270597, 95.6387180, 696.8
2021-03-12T10:31:18, 5.4270592, 95.6387180, 696.6
2021-03-12T10:31:19, 5.4270587, 95.6387180, 696.6
2021-03-12T10:31:20, 5.4270587, 95.6387180, 696.5
2021-03-12T10:31:21, 5.4270577, 95.6387180, 696.5
2021-03-12T10:31:22, 5.4270568, 95.6387180, 696.4
2021-03-12T10:31:23, 5.4270563, 95.6387180, 696.3
2021-03-12T10:31:24, 5.4270577, 95.6387180, 696.2
2021-03-12T10:31:25, 5.4270587, 95.6387180, 695.8
2021-03-12T10:31:26, 5.4270601, 95.6387100, 695.0
2021-03-12T10:31:27, 5.4270611, 95.6387100, 694.3
2021-03-12T10:31:28, 5.4270611, 95.6387100, 693.7
2021-03-12T10:31:29, 5.4270616, 95.6387100, 693.5
2021-03-12T10:31:30, 5.4270625, 95.6387100, 693.1
2021-03-12T10:31:31, 5.4270625, 95.6387100, 692.8
2021-03-12T10:31:32, 5.4270635, 95.6387020, 692.6
2021-03-12T10:31:33, 5.4270635, 95.6387020, 692.3
2021-03-12T10:31:34, 5.4270635, 95.6387020, 692.2
2021-03-12T10:31:35, 5.4270635, 95.6387020, 692.2
2021-03-12T10:31:36, 5.4270635, 95.6387020, 692.2
2021-03-12T10:31:37, 5.4270625, 95.6387020, 692.3
2021-03-12T10:31:38, 5.4270625, 95.6387020, 692.4
2021-03-12T10:31:39, 5.4270625, 95.6387100, 692.5
2021-03-12T10:31:40, 5.4270616, 95.6387020, 692.7
2021-03-12T10:31:41, 5.4270611, 95.6387020, 692.8
2021-03-12T10:31:42, 5.4270601, 95.6387100, 693.1
2021-03-12T10:31:43, 5.4270606, 95.6387100, 693.1
2021-03-12T10:31:44, 5.4270611, 95.6387100, 693.2
2021-03-12T10:31:45, 5.4270606, 95.6387020, 693.3
2021-03-12T10:31:46, 5.4270601, 95.6387020, 693.5
2021-03-12T10:31:47, 5.4270601, 95.6387020, 693.5
2021-03-12T10:31:48, 5.4270597, 95.6387020, 693.6
2021-03-12T10:31:49, 5.4270601, 95.6387020, 693.7
2021-03-12T10:31:50, 5.4270601, 95.6387100, 693.7
2021-03-12T10:31:51, 5.4270611, 95.6387100, 694.0
2021-03-12T10:31:52, 5.4270620, 95.6387100, 694.1
2021-03-12T10:31:54, 5.4270639, 95.6387100, 694.5
2021-03-12T10:31:55, 5.4270649, 95.6387100, 694.7
2021-03-12T10:31:56, 5.4270649, 95.6387100, 694.8
2021-03-12T10:31:57, 5.4270649, 95.6387100, 695.1
2021-03-12T10:31:58, 5.4270644, 95.6387100, 695.4
2021-03-12T10:31:59, 5.4270644, 95.6387100, 695.5
2021-03-12T10:32:00, 5.4270649, 95.6387100, 695.5
2021-03-12T10:32:01, 5.4270654, 95.6387100, 695.5
2021-03-12T10:32:02, 5.4270649, 95.6387100, 695.5
2021-03-12T10:32:03, 5.4270649, 95.6387100, 695.5
2021-03-12T10:32:04, 5.4270649, 95.6387100, 695.5
2021-03-12T10:32:05, 5.4270654, 95.6387100, 695.5
2021-03-12T10:32:06, 5.4270654, 95.6387100, 695.5
2021-03-12T10:32:07, 5.4270658, 95.6387100, 695.4
2021-03-12T10:32:08, 5.4270654, 95.6387100, 695.4
2021-03-12T10:32:09, 5.4270658, 95.6387100, 695.4
2021-03-12T10:32:10, 5.4270654, 95.6387100, 695.4
2021-03-12T10:32:11, 5.4270658, 95.6387100, 695.3
2021-03-12T10:32:12, 5.4270658, 95.6387100, 695.2
2021-03-12T10:32:13, 5.4270663, 95.6387100, 695.3
2021-03-12T10:32:14, 5.4270673, 95.6387100, 695.3
2021-03-12T10:32:15, 5.4270682, 95.6387100, 695.2
2021-03-12T10:32:16, 5.4270682, 95.6387100, 695.1
2021-03-12T10:32:17, 5.4270682, 95.6387100, 695.2
2021-03-12T10:32:18, 5.4270682, 95.6387100, 695.3
2021-03-12T10:32:19, 5.4270682, 95.6387100, 695.4
2021-03-12T10:32:20, 5.4270682, 95.6387100, 695.4
2021-03-12T10:32:21, 5.4270682, 95.6387100, 695.3
2021-03-12T10:32:22, 5.4270682, 95.6387100, 695.3
2021-03-12T10:32:23, 5.4270687, 95.6387100, 695.2
2021-03-12T10:32:24, 5.4270697, 95.6387100, 695.0
2021-03-12T10:32:25, 5.4270711, 95.6387100, 694.9
2021-03-12T10:32:26, 5.4270711, 95.6387180, 694.9
2021-03-12T10:32:27, 5.4270711, 95.6387180, 694.7
2021-03-12T10:32:28, 5.4270706, 95.6387100, 694.5
2021-03-12T10:32:29, 5.4270706, 95.6387100, 694.5
2021-03-12T10:32:30, 5.4270706, 95.6387100, 694.6
2021-03-12T10:32:31, 5.4270692, 95.6387180, 694.7
2021-03-12T10:32:32, 5.4270692, 95.6387100, 694.9
2021-03-12T10:32:34, 5.4270706, 95.6387100, 694.7
2021-03-12T10:32:35, 5.4270706, 95.6387100, 694.8
2021-03-12T10:32:36, 5.4270711, 95.6387100, 694.9
2021-03-12T10:32:37, 5.4270716, 95.6387100, 694.8
2021-03-12T10:32:38, 5.4270716, 95.6387100, 694.7
2021-03-12T10:32:39, 5.4270716, 95.6387100, 694.8
2021-03-12T10:32:40, 5.4270716, 95.6387100, 694.9
2021-03-12T10:32:41, 5.4270711, 95.6387100, 694.9
2021-03-12T10:32:42, 5.4270711, 95.6387100, 694.9
2021-03-12T10:32:43, 5.4270711, 95.6387100, 694.9
2021-03-12T10:32:44, 5.4270711, 95.6387100, 694.6
2021-03-12T10:32:45, 5.4270706, 95.6387100, 694.6
2021-03-12T10:32:46, 5.4270711, 95.6387100, 694.6
2021-03-12T10:32:47, 5.4270711, 95.6387100, 694.6
2021-03-12T10:32:48, 5.4270711, 95.6387100, 694.7
2021-03-12T10:32:49, 5.4270706, 95.6387100, 694.7
2021-03-12T10:32:50, 5.4270687, 95.6387100, 694.7
2021-03-12T10:32:51, 5.4270682, 95.6387100, 694.8
2021-03-12T10:32:52, 5.4270663, 95.6387100, 694.9
2021-03-12T10:32:53, 5.4270658, 95.6387100, 695.2
2021-03-12T10:32:54, 5.4270649, 95.6387100, 695.0
2021-03-12T10:32:55, 5.4270635, 95.6387100, 695.0
2021-03-12T10:32:56, 5.4270630, 95.6387100, 694.9
2021-03-12T10:32:57, 5.4270616, 95.6387020, 694.9
2021-03-12T10:32:58, 5.4270611, 95.6387020, 694.9
2021-03-12T10:32:59, 5.4270601, 95.6387100, 694.9
2021-03-12T10:33:00, 5.4270597, 95.6387100, 695.0
2021-03-12T10:33:01, 5.4270587, 95.6387100, 695.1
2021-03-12T10:33:02, 5.4270587, 95.6387100, 695.2
2021-03-12T10:33:03, 5.4270568, 95.6387100, 695.2
2021-03-12T10:33:04, 5.4270558, 95.6387100, 695.3
2021-03-12T10:33:05, 5.4270554, 95.6387100, 695.5
2021-03-12T10:33:06, 5.4270544, 95.6387100, 695.7
2021-03-12T10:33:07, 5.4270539, 95.6387100, 695.9
2021-03-12T10:33:08, 5.4270535, 95.6387100, 696.1
2021-03-12T10:33:09, 5.4270535, 95.6387100, 696.3
2021-03-12T10:33:10, 5.4270535, 95.6387100, 696.4
2021-03-12T10:33:11, 5.4270535, 95.6387100, 696.5
2021-03-12T10:33:13, 5.4270535, 95.6387100, 696.5
2021-03-12T10:33:14, 5.4270535, 95.6387100, 696.6
2021-03-12T10:33:15, 5.4270530, 95.6387100, 696.5
2021-03-12T10:33:16, 5.4270535, 95.6387100, 696.4
2021-03-12T10:33:17, 5.4270535, 95.6387100, 696.4
2021-03-12T10:33:18, 5.4270530, 95.6387100, 696.5
2021-03-12T10:33:19, 5.4270530, 95.6387100, 696.5
2021-03-12T10:33:20, 5.4270535, 95.6387100, 696.6
2021-03-12T10:33:21, 5.4270535, 95.6387100, 696.7
2021-03-12T10:33:22, 5.4270535, 95.6387100, 696.7
2021-03-12T10:33:23, 5.4270535, 95.6387100, 696.8
2021-03-12T10:33:24, 5.4270535, 95.6387100, 696.8
2021-03-12T10:33:25, 5.4270535, 95.6387100, 696.9
2021-03-12T10:33:26, 5.4270535, 95.6387100, 696.9
2021-03-12T10:33:27, 5.4270530, 95.6387100, 696.9
2021-03-12T10:33:28, 5.4270530, 95.6387100, 697.0
2021-03-12T10:33:29, 5.4270535, 95.6387100, 696.9
2021-03-12T10:33:30, 5.4270535, 95.6387100, 696.9
2021-03-12T10:33:31, 5.4270535, 95.6387180, 696.8
2021-03-12T10:33:32, 5.4270535, 95.6387180, 696.8
2021-03-12T10:33:33, 5.4270530, 95.6387180, 696.7
2021-03-12T10:33:34, 5.4270525, 95.6387180, 696.7
2021-03-12T10:33:35, 5.4270525, 95.6387180, 696.6
2021-03-12T10:33:36, 5.4270520, 95.6387180, 696.6
2021-03-12T10:33:37, 5.4270515, 95.6387180, 696.6
2021-03-12T10:33:38, 5.4270511, 95.6387180, 696.5
2021-03-12T10:33:39, 5.4270511, 95.6387180, 696.5
2021-03-12T10:33:40, 5.4270511, 95.6387180, 696.4
2021-03-12T10:33:41, 5.4270506, 95.6387180, 696.3
2021-03-12T10:33:42, 5.4270501, 95.6387180, 696.2
2021-03-12T10:33:43, 5.4270496, 95.6387180, 696.2
2021-03-12T10:33:44, 5.4270487, 95.6387180, 696.1
2021-03-12T10:33:45, 5.4270487, 95.6387180, 696.0
2021-03-12T10:33:46, 5.4270477, 95.6387180, 696.0
2021-03-12T10:33:47, 5.4270473, 95.6387250, 695.9
2021-03-12T10:33:48, 5.4270468, 95.6387250, 695.9
2021-03-12T10:33:49, 5.4270463, 95.6387250, 695.9
2021-03-12T10:33:50, 5.4270463, 95.6387250, 695.8
2021-03-12T10:33:52, 5.4270463, 95.6387250, 0.0,
2021-03-12T10:33:53, 5.4270463, 95.6387250, 696.0
2021-03-12T10:33:54, 5.4270463, 95.6387250, 696.0
2021-03-12T10:33:55, 5.4270463, 95.6387250, 696.0
2021-03-12T10:33:56, 5.4270468, 95.6387250, 696.2
2021-03-12T10:33:57, 5.4270468, 95.6387250, 696.3
2021-03-12T10:33:58, 5.4270468, 95.6387250, 696.3
2021-03-12T10:33:59, 5.4270468, 95.6387330, 696.2
2021-03-12T10:34:00, 5.4270473, 95.6387330, 696.3
2021-03-12T10:34:01, 5.4270473, 95.6387330, 696.2
2021-03-12T10:34:02, 5.4270473, 95.6387330, 696.2
2021-03-12T10:34:03, 5.4270473, 95.6387330, 696.2
2021-03-12T10:34:04, 5.4270468, 95.6387330, 696.3
2021-03-12T10:34:05, 5.4270468, 95.6387330, 696.5
2021-03-12T10:34:06, 5.4270468, 95.6387330, 696.6
2021-03-12T10:34:07, 5.4270468, 95.6387330, 696.9
2021-03-12T10:34:08, 5.4270473, 95.6387330, 697.2
2021-03-12T10:34:09, 5.4270473, 95.6387250, 697.5
2021-03-12T10:34:10, 5.4270473, 95.6387250, 697.7
2021-03-12T10:34:11, 5.4270482, 95.6387250, 698.0
2021-03-12T10:34:12, 5.4270482, 95.6387250, 698.3
2021-03-12T10:34:13, 5.4270487, 95.6387250, 698.4
2021-03-12T10:34:14, 5.4270487, 95.6387250, 698.6
2021-03-12T10:34:15, 5.4270487, 95.6387250, 698.8
2021-03-12T10:34:16, 5.4270492, 95.6387250, 699.1
2021-03-12T10:34:17, 5.4270496, 95.6387250, 699.3
2021-03-12T10:34:18, 5.4270506, 95.6387250, 699.7
2021-03-12T10:34:19, 5.4270511, 95.6387250, 700.0
2021-03-12T10:34:20, 5.4270511, 95.6387250, 700.2
2021-03-12T10:34:21, 5.4270515, 95.6387250, 700.3
2021-03-12T10:34:22, 5.4270520, 95.6387250, 700.4
2021-03-12T10:34:23, 5.4270520, 95.6387180, 700.6
2021-03-12T10:34:24, 5.4270520, 95.6387180, 700.6
2021-03-12T10:34:25, 5.4270525, 95.6387180, 700.5
2021-03-12T10:34:26, 5.4270525, 95.6387180, 700.4
2021-03-12T10:34:27, 5.4270525, 95.6387180, 700.4
2021-03-12T10:34:28, 5.4270525, 95.6387180, 700.3
2021-03-12T10:34:29, 5.4270525, 95.6387180, 700.3
2021-03-12T10:34:30, 5.4270530, 95.6387180, 700.4
2021-03-12T10:34:32, 5.4270530, 95.6387180, 701.0
2021-03-12T10:34:33, 5.4270535, 95.6387180, 701.2
2021-03-12T10:34:34, 5.4270535, 95.6387180, 701.3
2021-03-12T10:34:35, 5.4270535, 95.6387180, 701.4
2021-03-12T10:34:36, 5.4270535, 95.6387180, 701.5
2021-03-12T10:34:37, 5.4270535, 95.6387180, 701.6
2021-03-12T10:34:38, 5.4270535, 95.6387180, 701.7
2021-03-12T10:34:39, 5.4270535, 95.6387180, 701.9
2021-03-12T10:34:40, 5.4270535, 95.6387180, 702.0
2021-03-12T10:34:41, 5.4270535, 95.6387180, 702.0
2021-03-12T10:34:42, 5.4270535, 95.6387180, 702.1
2021-03-12T10:34:43, 5.4270535, 95.6387180, 702.2
2021-03-12T10:34:44, 5.4270535, 95.6387100, 702.1
2021-03-12T10:34:45, 5.4270539, 95.6387100, 702.8
2021-03-12T10:34:46, 5.4270539, 95.6387100, 702.9
2021-03-12T10:34:47, 5.4270544, 95.6387100, 703.0
2021-03-12T10:34:48, 5.4270544, 95.6387180, 703.2
2021-03-12T10:34:49, 5.4270544, 95.6387100, 703.1
2021-03-12T10:34:50, 5.4270549, 95.6387100, 703.4
2021-03-12T10:34:51, 5.4270549, 95.6387100, 703.7
2021-03-12T10:34:52, 5.4270554, 95.6387180, 703.3
2021-03-12T10:34:53, 5.4270558, 95.6387180, 702.9
2021-03-12T10:34:54, 5.4270554, 95.6387180, 702.4
2021-03-12T10:34:55, 5.4270544, 95.6387180, 702.4
2021-03-12T10:34:56, 5.4270544, 95.6387180, 702.2
2021-03-12T10:34:57, 5.4270535, 95.6387180, 702.0
2021-03-12T10:34:58, 5.4270515, 95.6387180, 701.6
2021-03-12T10:34:59, 5.4270511, 95.6387180, 701.4
2021-03-12T10:35:00, 5.4270511, 95.6387100, 701.7
2021-03-12T10:35:01, 5.4270511, 95.6387100, 702.0
2021-03-12T10:35:02, 5.4270525, 95.6387100, 702.2
2021-03-12T10:35:03, 5.4270515, 95.6387100, 702.0
2021-03-12T10:35:04, 5.4270511, 95.6387100, 701.7
2021-03-12T10:35:05, 5.4270482, 95.6387100, 701.5
2021-03-12T10:35:06, 5.4270473, 95.6387100, 701.4
2021-03-12T10:35:07, 5.4270487, 95.6387100, 701.6
2021-03-12T10:35:08, 5.4270506, 95.6387100, 701.7
2021-03-12T10:35:09, 5.4270487, 95.6387100, 701.9
2021-03-12T10:35:11, 5.4270482, 95.6387100, 701.5
2021-03-12T10:35:12, 5.4270477, 95.6387020, 701.4
2021-03-12T10:35:13, 5.4270482, 95.6386950, 701.4
2021-03-12T10:35:14, 5.4270487, 95.6386950, 701.3
2021-03-12T10:35:15, 5.4270506, 95.6386870, 702.1
2021-03-12T10:35:16, 5.4270511, 95.6386950, 701.7
2021-03-12T10:35:17, 5.4270520, 95.6386950, 701.8
2021-03-12T10:35:18, 5.4270539, 95.6386950, 701.5
2021-03-12T10:35:19, 5.4270511, 95.6386950, 701.5
2021-03-12T10:35:20, 5.4270492, 95.6386870, 701.4
2021-03-12T10:35:21, 5.4270487, 95.6386870, 701.6
2021-03-12T10:35:22, 5.4270487, 95.6386870, 701.5
2021-03-12T10:35:23, 5.4270535, 95.6386870, 701.3
2021-03-12T10:35:24, 5.4270525, 95.6386800, 700.6
2021-03-12T10:35:25, 5.4270525, 95.6386800, 700.9
2021-03-12T10:35:26, 5.4270511, 95.6386800, 700.3
2021-03-12T10:35:27, 5.4270520, 95.6386800, 700.5
2021-03-12T10:35:28, 5.4270530, 95.6386800, 700.3
2021-03-12T10:35:29, 5.4270535, 95.6386800, 699.6
2021-03-12T10:35:30, 5.4270535, 95.6386800, 699.3
2021-03-12T10:35:31, 5.4270511, 95.6386800, 699.4
2021-03-12T10:35:32, 5.4270535, 95.6386800, 700.2
2021-03-12T10:35:33, 5.4270535, 95.6386800, 700.0
2021-03-12T10:35:34, 5.4270549, 95.6386800, 699.6
2021-03-12T10:35:35, 5.4270554, 95.6386800, 699.6
2021-03-12T10:35:36, 5.4270558, 95.6386800, 699.7
2021-03-12T10:35:37, 5.4270558, 95.6386800, 699.6
2021-03-12T10:35:38, 5.4270554, 95.6386800, 699.6
2021-03-12T10:35:39, 5.4270535, 95.6386800, 699.6
2021-03-12T10:35:40, 5.4270558, 95.6386800, 699.5
2021-03-12T10:35:41, 5.4270558, 95.6386800, 699.4
2021-03-12T10:35:42, 5.4270558, 95.6386800, 699.5
2021-03-12T10:35:43, 5.4270568, 95.6386800, 699.4
2021-03-12T10:35:44, 5.4270587, 95.6386800, 698.8
2021-03-12T10:35:45, 5.4270601, 95.6386720, 698.2
2021-03-12T10:35:46, 5.4270625, 95.6386720, 697.7
2021-03-12T10:35:47, 5.4270658, 95.6386720, 697.8
2021-03-12T10:35:48, 5.4270697, 95.6386720, 697.6
2021-03-12T10:35:50, 5.4270735, 95.6386720, 696.5
2021-03-12T10:35:51, 5.4270735, 95.6386720, 696.3
2021-03-12T10:35:52, 5.4270754, 95.6386720, 696.0
2021-03-12T10:35:53, 5.4270759, 95.6386720, 695.7
2021-03-12T10:35:54, 5.4270759, 95.6386720, 696.1
2021-03-12T10:35:55, 5.4270759, 95.6386720, 696.3
2021-03-12T10:35:56, 5.4270768, 95.6386640, 696.3
2021-03-12T10:35:57, 5.4270778, 95.6386640, 696.2
2021-03-12T10:35:58, 5.4270792, 95.6386640, 696.1
2021-03-12T10:35:59, 5.4270802, 95.6386640, 696.0
2021-03-12T10:36:00, 5.4270811, 95.6386570, 696.1
2021-03-12T10:36:01, 5.4270816, 95.6386570, 696.3
2021-03-12T10:36:02, 5.4270816, 95.6386570, 696.5
2021-03-12T10:36:03, 5.4270806, 95.6386570, 696.6
2021-03-12T10:36:04, 5.4270806, 95.6386570, 696.7
2021-03-12T10:36:05, 5.4270811, 95.6386570, 697.1
2021-03-12T10:36:06, 5.4270806, 95.6386570, 697.5
2021-03-12T10:36:07, 5.4270806, 95.6386570, 697.6
2021-03-12T10:36:08, 5.4270811, 95.6386570, 697.7
2021-03-12T10:36:09, 5.4270816, 95.6386570, 698.0
2021-03-12T10:36:10, 5.4270821, 95.6386570, 698.3
2021-03-12T10:36:11, 5.4270816, 95.6386570, 698.5
2021-03-12T10:36:12, 5.4270816, 95.6386570, 698.9
2021-03-12T10:36:13, 5.4270806, 95.6386570, 699.1
2021-03-12T10:36:14, 5.4270806, 95.6386570, 699.1
2021-03-12T10:36:15, 5.4270806, 95.6386570, 699.3
2021-03-12T10:36:16, 5.4270825, 95.6386570, 699.3
2021-03-12T10:36:17, 5.4270830, 95.6386570, 699.1
2021-03-12T10:36:18, 5.4270816, 95.6386570, 699.0
2021-03-12T10:36:19, 5.4270782, 95.6386640, 698.6
2021-03-12T10:36:20, 5.4270768, 95.6386640, 699.5
2021-03-12T10:36:21, 5.4270749, 95.6386640, 699.4
2021-03-12T10:36:22, 5.4270744, 95.6386640, 699.1
2021-03-12T10:36:23, 5.4270735, 95.6386640, 699.0
2021-03-12T10:36:24, 5.4270720, 95.6386570, 698.9
2021-03-12T10:36:25, 5.4270711, 95.6386640, 699.1
2021-03-12T10:36:26, 5.4270682, 95.6386640, 698.6
2021-03-12T10:36:27, 5.4270678, 95.6386640, 698.9
2021-03-12T10:36:29, 5.4270654, 95.6386640, 698.9
2021-03-12T10:36:30, 5.4270649, 95.6386640, 699.2
2021-03-12T10:36:31, 5.4270682, 95.6386640, 699.5
2021-03-12T10:36:32, 5.4270720, 95.6386640, 699.5
2021-03-12T10:36:33, 5.4270735, 95.6386640, 698.9
2021-03-12T10:36:34, 5.4270744, 95.6386720, 698.8
2021-03-12T10:36:35, 5.4270759, 95.6386720, 699.0
2021-03-12T10:36:36, 5.4270730, 95.6386800, 699.5
2021-03-12T10:36:37, 5.4270735, 95.6386800, 699.5
2021-03-12T10:36:38, 5.4270735, 95.6386800, 699.8
2021-03-12T10:36:39, 5.4270711, 95.6386800, 699.9
2021-03-12T10:36:40, 5.4270692, 95.6386800, 700.5
2021-03-12T10:36:41, 5.4270716, 95.6386800, 700.7
2021-03-12T10:36:42, 5.4270720, 95.6386870, 699.8
2021-03-12T10:36:43, 5.4270725, 95.6386870, 699.9
2021-03-12T10:36:44, 5.4270735, 95.6386870, 699.8
2021-03-12T10:36:45, 5.4270735, 95.6386870, 699.3
2021-03-12T10:36:46, 5.4270720, 95.6386870, 699.4
2021-03-12T10:36:47, 5.4270730, 95.6386950, 699.5
2021-03-12T10:36:48, 5.4270730, 95.6386950, 699.4
2021-03-12T10:36:49, 5.4270735, 95.6386950, 699.3
2021-03-12T10:36:50, 5.4270759, 95.6386950, 699.3
2021-03-12T10:36:51, 5.4270806, 95.6387020, 699.1
2021-03-12T10:36:52, 5.4270859, 95.6386950, 698.9
2021-03-12T10:36:53, 5.4270878, 95.6386950, 698.9
2021-03-12T10:36:54, 5.4270883, 95.6386950, 699.0
2021-03-12T10:36:55, 5.4270878, 95.6387020, 698.7
2021-03-12T10:36:56, 5.4270864, 95.6387020, 698.3
2021-03-12T10:36:57, 5.4270873, 95.6387020, 698.4
2021-03-12T10:36:58, 5.4270878, 95.6387020, 698.1
2021-03-12T10:36:59, 5.4270883, 95.6386950, 697.6
2021-03-12T10:37:00, 5.4270887, 95.6386950, 697.3
2021-03-12T10:37:01, 5.4270897, 95.6386950, 697.3
2021-03-12T10:37:02, 5.4270897, 95.6386950, 697.4
2021-03-12T10:37:03, 5.4270906, 95.6386950, 697.5
2021-03-12T10:37:04, 5.4270916, 95.6386870, 697.3
2021-03-12T10:37:05, 5.4270921, 95.6386800, 697.4
2021-03-12T10:37:06, 5.4270930, 95.6386800, 697.5
2021-03-12T10:37:07, 5.4270935, 95.6386800, 697.8
2021-03-12T10:37:09, 5.4270959, 95.6386720, 697.9
2021-03-12T10:37:10, 5.4270978, 95.6386720, 697.6
2021-03-12T10:37:11, 5.4270978, 95.6386720, 697.3
2021-03-12T10:37:12, 5.4270983, 95.6386720, 697.0
2021-03-12T10:37:13, 5.4270988, 95.6386720, 696.8
2021-03-12T10:37:14, 5.4271002, 95.6386720, 696.4
2021-03-12T10:37:15, 5.4271007, 95.6386640, 696.0
2021-03-12T10:37:16, 5.4271007, 95.6386720, 695.8
2021-03-12T10:37:17, 5.4271011, 95.6386720, 695.5
2021-03-12T10:37:18, 5.4271026, 95.6386640, 695.5
2021-03-12T10:37:19, 5.4271030, 95.6386640, 695.7
2021-03-12T10:37:20, 5.4271030, 95.6386640, 695.6
2021-03-12T10:37:21, 5.4271035, 95.6386640, 695.4
2021-03-12T10:37:22, 5.4271040, 95.6386640, 695.2
2021-03-12T10:37:23, 5.4271045, 95.6386640, 695.0
2021-03-12T10:37:24, 5.4271049, 95.6386640, 694.9
2021-03-12T10:37:25, 5.4271054, 95.6386570, 694.8
2021-03-12T10:37:26, 5.4271054, 95.6386570, 694.5
2021-03-12T10:37:27, 5.4271054, 95.6386570, 694.6
2021-03-12T10:37:28, 5.4271059, 95.6386570, 694.4
2021-03-12T10:37:29, 5.4271069, 95.6386570, 694.3
2021-03-12T10:37:30, 5.4271083, 95.6386570, 694.0
2021-03-12T10:37:31, 5.4271069, 95.6386640, 694.2
2021-03-12T10:37:32, 5.4271078, 95.6386640, 694.1
2021-03-12T10:37:33, 5.4271064, 95.6386640, 693.6
2021-03-12T10:37:34, 5.4271064, 95.6386640, 693.3
2021-03-12T10:37:35, 5.4271049, 95.6386570, 693.0
2021-03-12T10:37:36, 5.4271054, 95.6386640, 693.4
2021-03-12T10:37:37, 5.4271064, 95.6386640, 693.7
2021-03-12T10:37:38, 5.4271069, 95.6386570, 693.5
2021-03-12T10:37:39, 5.4271040, 95.6386570, 693.6
2021-03-12T10:37:40, 5.4271007, 95.6386640, 692.3
2021-03-12T10:37:41, 5.4270897, 95.6386800, 692.5
2021-03-12T10:37:42, 5.4270864, 95.6386800, 692.8
2021-03-12T10:37:43, 5.4270835, 95.6386800, 693.5
2021-03-12T10:37:44, 5.4270835, 95.6386800, 694.4
2021-03-12T10:37:45, 5.4270792, 95.6386870, 694.5
2021-03-12T10:37:47, 5.4270806, 95.6386870, 694.6
2021-03-12T10:37:48, 5.4270802, 95.6386870, 694.8
2021-03-12T10:37:49, 5.4270778, 95.6386950, 695.0
2021-03-12T10:37:50, 5.4270782, 95.6386950, 696.4
2021-03-12T10:37:51, 5.4270768, 95.6386950, 696.7
2021-03-12T10:37:52, 5.4270768, 95.6387020, 697.4
2021-03-12T10:37:53, 5.4270763, 95.6387020, 697.7
2021-03-12T10:37:54, 5.4270763, 95.6387020, 698.1
