 Units of measure: Mols m-2 d-1
 Month;Alt;Azi;Altitude;Azimuth; SkySky;SkyTop;FolTop;FolSky;Total ;Sky   ;  Mask;    Total;   Gap Can; Gap Topo;Gap Both;Gap Can; Gap Topo;Gap Both;Canopy  ;Site    ;Id_UOC ; Id_SOC;  Above ;  Above  ; Above ;  Mask  ;  Mask   ; Mask ;   Trans ;  Trans  ; Trans
      ;Bin;Bin;        ;       ; Pixels;Pixels;Pixels;Pixels;Pixels;Area  ;  Area;    Area ;   Diffuse; Diffuse ;Diffuse ;Direct ; Direct  ;Direct  ;Openness;Openness;       ;       ;  Direct;  Diffuse; Total ;  Direct;  Diffuse; Total;   Direct;  Diffuse; Total
 All;  1;  1;  5.0000;  5.0000;  1487;     4;   171; 40421; 42083;0.004804;0.000020;0.004824;0.035430;0.995842;0.035335;1.000000;1.000000;1.000000;0.017090;0.017044;0.000838;0.000422;0.000000;0.012265;0.012265;0.000000;0.012214;0.012214;0.000000;0.000433;0.000433
 All;  1;  2;  5.0000; 15.0000; 14399;   120;   140; 27435; 42094;0.004794;0.000030;0.004824;0.344919;0.993823;0.342068;1.000000;1.000000;1.000000;0.166374;0.164998;0.000838;0.000422;0.000000;0.012265;0.012265;0.000000;0.012189;0.012189;0.000000;0.004195;0.004195
 All;  1;  3;  5.0000; 25.0000; 34632;   300;    16;  7140; 42088;0.004787;0.000036;0.004824;0.829975;0.992492;0.822847;1.000000;1.000000;1.000000;0.400344;0.396905;0.000838;0.000422;0.000000;0.012265;0.012265;0.000000;0.012173;0.012173;0.000000;0.010092;0.010092
 All;  1;  4;  5.0000; 35.0000; 15747;    34;   199; 26116; 42096;0.004797;0.000027;0.004824;0.374881;0.994465;0.374074;1.000000;1.000000;1.000000;0.180826;0.180437;0.000838;0.000422;0.000000;0.012265;0.012265;0.000000;0.012197;0.012197;0.000000;0.004588;0.004588
 All;  1;  5;  5.0000; 45.0000;  4484;    18;   207; 37395; 42104;0.004798;0.000026;0.004824;0.106926;0.994656;0.106498;1.000000;1.000000;1.000000;0.051576;0.051370;0.000838;0.000422;0.000000;0.012265;0.012265;0.000000;0.012199;0.012199;0.000000;0.001306;0.001306
 All;  1;  6;  5.0000; 55.0000;   733;    10;   194; 41150; 42087;0.004800;0.000023;0.004824;0.017654;0.995153;0.017416;0.000047;1.000000;0.000047;0.008515;0.008401;0.000838;0.000422;0.000033;0.012265;0.012297;0.000033;0.012205;0.012238;0.000000;0.000214;0.000214
 All;  1;  7;  5.0000; 65.0000;  5844;     3;   208; 36034; 42089;0.004799;0.000024;0.004824;0.138920;0.994987;0.138849;0.279292;1.000000;0.279292;0.067009;0.066974;0.000838;0.000422;0.003633;0.012265;0.015897;0.003633;0.012203;0.015836;0.001015;0.001703;0.002718
 All;  1;  8;  5.0000; 75.0000; 10931;    99;   148; 30919; 42097;0.004795;0.000028;0.004824;0.262014;0.994133;0.259662;0.278146;1.000000;0.278146;0.126384;0.125250;0.000838;0.000422;0.002616;0.012265;0.014880;0.002616;0.012193;0.014808;0.000728;0.003185;0.003912
 All;  1;  9;  5.0000; 85.0000; 30933;    96;   108; 10956; 42093;0.004800;0.000023;0.004824;0.737153;0.995154;0.734873;0.845688;1.000000;0.845688;0.355570;0.354470;0.000838;0.000422;0.002079;0.012265;0.014343;0.002079;0.012205;0.014284;0.001758;0.009013;0.010771
 All;  1; 10;  5.0000; 95.0000; 10227;    70;   105; 31681; 42083;0.004804;0.000020;0.004824;0.244683;0.995842;0.243020;0.336353;1.000000;0.336353;0.118024;0.117222;0.000838;0.000422;0.001990;0.012265;0.014254;0.001990;0.012214;0.014203;0.000669;0.002981;0.003650
 All;  1; 11;  5.0000;105.0000; 15179;   173;    87; 26655; 42094;0.004794;0.000030;0.004824;0.364708;0.993823;0.360598;0.275716;1.000000;0.275716;0.175919;0.173936;0.000838;0.000422;0.002297;0.012265;0.014562;0.002297;0.012189;0.014486;0.000633;0.004423;0.005056
 All;  1; 12;  5.0000;115.0000;  3537;    36;   280; 38235; 42088;0.004787;0.000036;0.004824;0.084894;0.992492;0.084038;0.030079;1.000000;0.030079;0.040949;0.040536;0.000838;0.000422;0.002837;0.012265;0.015102;0.002837;0.012173;0.015010;0.000085;0.001031;0.001116
 All;  1; 13;  5.0000;125.0000;  6801;    51;   182; 35062; 42096;0.004797;0.000027;0.004824;0.162771;0.994465;0.161559;0.145846;1.000000;0.145846;0.078513;0.077929;0.000838;0.000422;0.004416;0.012265;0.016680;0.004416;0.012197;0.016612;0.000644;0.001981;0.002625
 All;  1; 14;  5.0000;135.0000;   324;     0;   225; 41555; 42104;0.004798;0.000026;0.004824;0.007695;0.994656;0.007695;0.000000;1.000000;0.000000;0.003712;0.003712;0.000838;0.000422;0.010010;0.012265;0.022274;0.010010;0.012199;0.022209;0.000000;0.000094;0.000094
 All;  1; 15;  5.0000;145.0000;   210;    12;   195; 41670; 42087;0.004800;0.000024;0.004824;0.005275;0.995082;0.004990;0.000000;1.000000;0.000000;0.002544;0.002407;0.000838;0.000422;0.003178;0.012265;0.015443;0.003178;0.012204;0.015382;0.000000;0.000061;0.000061
 All;  1; 16;  5.0000;155.0000;     3;     0;   211; 41875; 42089;0.004799;0.000024;0.004824;0.000071;0.994987;0.000071;1.000000;1.000000;1.000000;0.000034;0.000034;0.000838;0.000422;0.000000;0.012265;0.012265;0.000000;0.012203;0.012203;0.000000;0.000001;0.000001
 All;  1; 17;  5.0000;165.0000;   463;    12;   244; 41378; 42097;0.004794;0.000029;0.004824;0.011283;0.993919;0.010998;1.000000;1.000000;1.000000;0.005443;0.005305;0.000838;0.000422;0.000000;0.012265;0.012265;0.000000;0.012190;0.012190;0.000000;0.000135;0.000135
 All;  1; 18;  5.0000;175.0000;   869;     1;   204; 41019; 42093;0.004800;0.000023;0.004824;0.020669;0.995130;0.020645;1.000000;1.000000;1.000000;0.009970;0.009958;0.000838;0.000422;0.000000;0.012265;0.012265;0.000000;0.012205;0.012205;0.000000;0.000253;0.000253
 All;  1; 19;  5.0000;185.0000;  2028;     0;   180; 39875; 42083;0.004803;0.000021;0.004824;0.048190;0.995723;0.048190;1.000000;1.000000;1.000000;0.023245;0.023245;0.000838;0.000422;0.000000;0.012265;0.012265;0.000000;0.012212;0.012212;0.000000;0.000591;0.000591
 All;  1; 20;  5.0000;195.0000;   169;     0;   261; 41664; 42094;0.004794;0.000030;0.004824;0.004015;0.993800;0.004015;1.000000;1.000000;1.000000;0.001937;0.001937;0.000838;0.000422;0.000000;0.012265;0.012265;0.000000;0.012189;0.012189;0.000000;0.000049;0.000049
 All;  1; 21;  5.0000;205.0000;  1744;    14;   305; 40025; 42088;0.004787;0.000037;0.004824;0.041770;0.992421;0.041437;1.000000;1.000000;1.000000;0.020148;0.019987;0.000838;0.000422;0.000000;0.012265;0.012265;0.000000;0.012172;0.012172;0.000000;0.000508;0.000508
 All;  1; 22;  5.0000;215.0000;  1833;    15;   222; 40026; 42096;0.004796;0.000027;0.004824;0.043900;0.994370;0.043543;0.017439;1.000000;0.017439;0.021175;0.021003;0.000838;0.000422;0.003195;0.012265;0.015460;0.003195;0.012196;0.015390;0.000056;0.000534;0.000590
 All;  1; 23;  5.0000;225.0000;  1864;    19;   208; 40013; 42104;0.004798;0.000026;0.004824;0.044723;0.994609;0.044271;0.005657;1.000000;0.005657;0.021572;0.021355;0.000838;0.000422;0.009988;0.012265;0.022253;0.009988;0.012198;0.022187;0.000056;0.000543;0.000599
 All;  1; 24;  5.0000;235.0000; 18243;   161;    46; 23637; 42087;0.004800;0.000024;0.004824;0.437285;0.995082;0.433459;0.349088;1.000000;0.349088;0.210927;0.209082;0.000838;0.000422;0.004409;0.012265;0.016674;0.004409;0.012204;0.016613;0.001539;0.005316;0.006855
 All;  1; 25;  5.0000;245.0000; 35529;   199;    12;  6349; 42089;0.004799;0.000024;0.004824;0.848868;0.994987;0.844140;0.811811;1.000000;0.811811;0.409457;0.407176;0.000838;0.000422;0.002844;0.012265;0.015109;0.002844;0.012203;0.015047;0.002309;0.010353;0.012662
 All;  1; 26;  5.0000;255.0000; 41841;   256;     0;     0; 42097;0.004794;0.000029;0.004824;1.000000;0.993919;0.993919;1.000000;1.000000;1.000000;0.482356;0.479423;0.000838;0.000422;0.002250;0.012265;0.014515;0.002250;0.012190;0.014440;0.002250;0.012190;0.014440
 All;  1; 27;  5.0000;265.0000; 23827;   151;    54; 18061; 42093;0.004800;0.000023;0.004824;0.569643;0.995130;0.566056;0.447246;1.000000;0.447246;0.274771;0.273041;0.000838;0.000422;0.002048;0.012265;0.014313;0.002048;0.012205;0.014253;0.000916;0.006942;0.007858
 All;  1; 28;  5.0000;275.0000;   206;     1;   179; 41697; 42083;0.004803;0.000021;0.004824;0.004919;0.995723;0.004895;0.000147;1.000000;0.000147;0.002373;0.002361;0.000838;0.000422;0.002070;0.012265;0.014335;0.002070;0.012212;0.014282;0.000000;0.000060;0.000060
 All;  1; 29;  5.0000;285.0000;  1606;    22;   239; 40227; 42094;0.004794;0.000030;0.004824;0.038675;0.993800;0.038153;0.040921;1.000000;0.040921;0.018655;0.018403;0.000838;0.000422;0.002563;0.012265;0.014827;0.002563;0.012189;0.014751;0.000105;0.000468;0.000573
 All;  1; 30;  5.0000;295.0000;  1404;    26;   293; 40365; 42088;0.004787;0.000037;0.004824;0.033976;0.992421;0.033359;0.012609;1.000000;0.012609;0.016389;0.016091;0.000838;0.000422;0.003683;0.012265;0.015948;0.003683;0.012172;0.015855;0.000046;0.000409;0.000456
 All;  1; 31;  5.0000;305.0000;   489;     0;   237; 41370; 42096;0.004796;0.000027;0.004824;0.011616;0.994370;0.011616;0.000735;1.000000;0.000735;0.005603;0.005603;0.000838;0.000422;0.000032;0.012265;0.012296;0.000032;0.012196;0.012227;0.000000;0.000142;0.000142
 All;  1; 32;  5.0000;315.0000;  5405;    10;   217; 36472; 42104;0.004798;0.000026;0.004824;0.128610;0.994609;0.128373;1.000000;1.000000;1.000000;0.062036;0.061921;0.000838;0.000422;0.000000;0.012265;0.012265;0.000000;0.012198;0.012198;0.000000;0.001574;0.001574
 All;  1; 33;  5.0000;325.0000; 18718;    11;   193; 23165; 42087;0.004800;0.000023;0.004824;0.445007;0.995153;0.444745;1.000000;1.000000;1.000000;0.214652;0.214526;0.000838;0.000422;0.000000;0.012265;0.012265;0.000000;0.012205;0.012205;0.000000;0.005455;0.005455
 All;  1; 34;  5.0000;335.0000; 28426;    46;   165; 13452; 42089;0.004799;0.000024;0.004824;0.676471;0.994987;0.675378;1.000000;1.000000;1.000000;0.326300;0.325773;0.000838;0.000422;0.000000;0.012265;0.012265;0.000000;0.012203;0.012203;0.000000;0.008283;0.008283
 All;  1; 35;  5.0000;345.0000; 22172;    78;   169; 19678; 42097;0.004795;0.000028;0.004824;0.528541;0.994133;0.526688;1.000000;1.000000;1.000000;0.254945;0.254051;0.000838;0.000422;0.000000;0.012265;0.012265;0.000000;0.012193;0.012193;0.000000;0.006460;0.006460
 All;  1; 36;  5.0000;355.0000; 12321;    79;   125; 29568; 42093;0.004800;0.000023;0.004824;0.294586;0.995154;0.292709;1.000000;1.000000;1.000000;0.142095;0.141190;0.000838;0.000422;0.000000;0.012265;0.012265;0.000000;0.012205;0.012205;0.000000;0.003590;0.003590
 All;  2;  1; 15.0000;  5.0000;  4136;     0;     0; 33001; 37137;0.004677;0.000000;0.004677;0.111371;1.000000;0.111371;1.000000;1.000000;1.000000;0.052088;0.052088;0.002412;0.001570;0.000000;0.035315;0.035315;0.000000;0.035315;0.035315;0.000000;0.003933;0.003933
 All;  2;  2; 15.0000; 15.0000; 22968;     0;     0; 14175; 37143;0.004677;0.000000;0.004677;0.618367;1.000000;0.618367;1.000000;1.000000;1.000000;0.289210;0.289210;0.002412;0.001570;0.000000;0.035315;0.035315;0.000000;0.035315;0.035315;0.000000;0.021837;0.021837
 All;  2;  3; 15.0000; 25.0000; 33080;     0;     0;  4064; 37144;0.004677;0.000000;0.004677;0.890588;1.000000;0.890588;1.000000;1.000000;1.000000;0.416528;0.416528;0.002412;0.001570;0.000000;0.035315;0.035315;0.000000;0.035315;0.035315;0.000000;0.031451;0.031451
 All;  2;  4; 15.0000; 35.0000; 20951;     0;     0; 16188; 37139;0.004677;0.000000;0.004677;0.564124;1.000000;0.564124;1.000000;1.000000;1.000000;0.263841;0.263841;0.002412;0.001570;0.000000;0.035315;0.035315;0.000000;0.035315;0.035315;0.000000;0.019922;0.019922
 All;  2;  5; 15.0000; 45.0000;   150;     0;     0; 36987; 37137;0.004677;0.000000;0.004677;0.004039;1.000000;0.004039;1.000000;1.000000;1.000000;0.001889;0.001889;0.002412;0.001570;0.000000;0.035315;0.035315;0.000000;0.035315;0.035315;0.000000;0.000143;0.000143
 All;  2;  6; 15.0000; 55.0000;   823;     0;     0; 36317; 37140;0.004677;0.000000;0.004677;0.022159;1.000000;0.022159;1.000000;1.000000;1.000000;0.010364;0.010364;0.002412;0.001570;0.000000;0.035315;0.035315;0.000000;0.035315;0.035315;0.000000;0.000783;0.000783
 All;  2;  7; 15.0000; 65.0000;  3323;     0;     0; 33820; 37143;0.004677;0.000000;0.004677;0.089465;1.000000;0.089465;0.000000;1.000000;0.000000;0.041843;0.041843;0.002412;0.001570;0.005276;0.035315;0.040591;0.005276;0.035315;0.040591;0.000000;0.003159;0.003159
 All;  2;  8; 15.0000; 75.0000; 14873;     0;     0; 22266; 37139;0.004677;0.000000;0.004677;0.400469;1.000000;0.400469;0.356549;1.000000;0.356549;0.187299;0.187299;0.002412;0.001570;0.054368;0.035315;0.089683;0.054368;0.035315;0.089683;0.019385;0.014142;0.033527
 All;  2;  9; 15.0000; 85.0000; 33962;     0;     0;  3181; 37143;0.004677;0.000000;0.004677;0.914358;1.000000;0.914358;0.882965;1.000000;0.882965;0.427645;0.427645;0.002412;0.001570;0.037325;0.035315;0.072640;0.037325;0.035315;0.072640;0.032957;0.032290;0.065247
 All;  2; 10; 15.0000; 95.0000; 11541;     0;     0; 25596; 37137;0.004677;0.000000;0.004677;0.310768;1.000000;0.310768;0.304469;1.000000;0.304469;0.145346;0.145346;0.002412;0.001570;0.031115;0.035315;0.066429;0.031115;0.035315;0.066429;0.009473;0.010975;0.020448
 All;  2; 11; 15.0000;105.0000;  8883;     0;     0; 28260; 37143;0.004677;0.000000;0.004677;0.239157;1.000000;0.239157;0.264864;1.000000;0.264864;0.111854;0.111854;0.002412;0.001570;0.031092;0.035315;0.066406;0.031092;0.035315;0.066406;0.008235;0.008446;0.016681
 All;  2; 12; 15.0000;115.0000;  1665;     0;     0; 35479; 37144;0.004677;0.000000;0.004677;0.044826;1.000000;0.044826;0.048619;1.000000;0.048619;0.020965;0.020965;0.002412;0.001570;0.033973;0.035315;0.069288;0.033973;0.035315;0.069288;0.001652;0.001583;0.003235
 All;  2; 13; 15.0000;125.0000;  1111;     0;     0; 36028; 37139;0.004677;0.000000;0.004677;0.029915;1.000000;0.029915;0.022842;1.000000;0.022842;0.013991;0.013991;0.002412;0.001570;0.041771;0.035315;0.077085;0.041771;0.035315;0.077085;0.000954;0.001056;0.002011
 All;  2; 14; 15.0000;135.0000;   707;     0;     0; 36430; 37137;0.004677;0.000000;0.004677;0.019038;1.000000;0.019038;0.021797;1.000000;0.021797;0.008904;0.008904;0.002412;0.001570;0.058129;0.035315;0.093444;0.058129;0.035315;0.093444;0.001267;0.000672;0.001939
 All;  2; 15; 15.0000;145.0000;  1412;     0;     0; 35728; 37140;0.004677;0.000000;0.004677;0.038018;1.000000;0.038018;0.039504;1.000000;0.039504;0.017781;0.017781;0.002412;0.001570;0.101794;0.035315;0.137108;0.101794;0.035315;0.137108;0.004021;0.001343;0.005364
 All;  2; 16; 15.0000;155.0000;  2069;     0;     0; 35074; 37143;0.004677;0.000000;0.004677;0.055704;1.000000;0.055704;0.083875;1.000000;0.083875;0.026053;0.026053;0.002412;0.001570;0.122074;0.035315;0.157388;0.122074;0.035315;0.157388;0.010239;0.001967;0.012206
 All;  2; 17; 15.0000;165.0000;   588;     0;     0; 36551; 37139;0.004677;0.000000;0.004677;0.015832;1.000000;0.015832;0.016917;1.000000;0.016917;0.007405;0.007405;0.002412;0.001570;0.113089;0.035315;0.148403;0.113089;0.035315;0.148403;0.001913;0.000559;0.002472
 All;  2; 18; 15.0000;175.0000;   704;     0;     0; 36439; 37143;0.004677;0.000000;0.004677;0.018954;1.000000;0.018954;0.011516;1.000000;0.011516;0.008865;0.008865;0.002412;0.001570;0.096509;0.035315;0.131823;0.096509;0.035315;0.131823;0.001111;0.000669;0.001781
 All;  2; 19; 15.0000;185.0000;  1240;     0;     0; 35897; 37137;0.004677;0.000000;0.004677;0.033390;1.000000;0.033390;0.077530;1.000000;0.077530;0.015616;0.015616;0.002412;0.001570;0.097192;0.035315;0.132507;0.097192;0.035315;0.132507;0.007535;0.001179;0.008714
 All;  2; 20; 15.0000;195.0000;  1010;     0;     0; 36133; 37143;0.004677;0.000000;0.004677;0.027192;1.000000;0.027192;0.006944;1.000000;0.006944;0.012718;0.012718;0.002412;0.001570;0.112690;0.035315;0.148004;0.112690;0.035315;0.148004;0.000782;0.000960;0.001743
 All;  2; 21; 15.0000;205.0000;  1699;     0;     0; 35445; 37144;0.004677;0.000000;0.004677;0.045741;1.000000;0.045741;0.053193;1.000000;0.053193;0.021393;0.021393;0.002412;0.001570;0.122119;0.035315;0.157434;0.122119;0.035315;0.157434;0.006496;0.001615;0.008111
 All;  2; 22; 15.0000;215.0000;  4233;     0;     0; 32906; 37139;0.004677;0.000000;0.004677;0.113977;1.000000;0.113977;0.102381;1.000000;0.102381;0.053307;0.053307;0.002412;0.001570;0.101689;0.035315;0.137003;0.101689;0.035315;0.137003;0.010411;0.004025;0.014436
 All;  2; 23; 15.0000;225.0000;  1459;     0;     0; 35678; 37137;0.004677;0.000000;0.004677;0.039287;1.000000;0.039287;0.027850;1.000000;0.027850;0.018375;0.018375;0.002412;0.001570;0.058307;0.035315;0.093621;0.058307;0.035315;0.093621;0.001624;0.001387;0.003011
 All;  2; 24; 15.0000;235.0000;  7713;     0;     0; 29427; 37140;0.004677;0.000000;0.004677;0.207674;1.000000;0.207674;0.179058;1.000000;0.179058;0.097129;0.097129;0.002412;0.001570;0.041756;0.035315;0.077070;0.041756;0.035315;0.077070;0.007477;0.007334;0.014811
 All;  2; 25; 15.0000;245.0000; 28761;     0;     0;  8382; 37143;0.004677;0.000000;0.004677;0.774332;1.000000;0.774332;0.816309;1.000000;0.816309;0.362155;0.362155;0.002412;0.001570;0.033992;0.035315;0.069307;0.033992;0.035315;0.069307;0.027748;0.027345;0.055093
 All;  2; 26; 15.0000;255.0000; 37113;     0;     0;    26; 37139;0.004677;0.000000;0.004677;0.999300;1.000000;0.999300;0.998354;1.000000;0.998354;0.467372;0.467372;0.002412;0.001570;0.030852;0.035315;0.066167;0.030852;0.035315;0.066167;0.030801;0.035290;0.066091
 All;  2; 27; 15.0000;265.0000; 18931;     0;     0; 18212; 37143;0.004677;0.000000;0.004677;0.509679;1.000000;0.509679;0.573482;1.000000;0.573482;0.238377;0.238377;0.002412;0.001570;0.030878;0.035315;0.066193;0.030878;0.035315;0.066193;0.017708;0.017999;0.035707
 All;  2; 28; 15.0000;275.0000;   731;     0;     0; 36406; 37137;0.004677;0.000000;0.004677;0.019684;1.000000;0.019684;0.037176;1.000000;0.037176;0.009206;0.009206;0.002412;0.001570;0.037390;0.035315;0.072705;0.037390;0.035315;0.072705;0.001390;0.000695;0.002085
 All;  2; 29; 15.0000;285.0000;  1148;     0;     0; 35995; 37143;0.004677;0.000000;0.004677;0.030908;1.000000;0.030908;0.045550;1.000000;0.045550;0.014455;0.014455;0.002412;0.001570;0.054343;0.035315;0.089658;0.054343;0.035315;0.089658;0.002475;0.001091;0.003567
 All;  2; 30; 15.0000;295.0000;   234;     0;     0; 36910; 37144;0.004677;0.000000;0.004677;0.006300;1.000000;0.006300;0.000000;1.000000;0.000000;0.002946;0.002946;0.002412;0.001570;0.005237;0.035315;0.040552;0.005237;0.035315;0.040552;0.000000;0.000222;0.000222
 All;  2; 31; 15.0000;305.0000;   388;     0;     0; 36751; 37139;0.004677;0.000000;0.004677;0.010447;1.000000;0.010447;1.000000;1.000000;1.000000;0.004886;0.004886;0.002412;0.001570;0.000000;0.035315;0.035315;0.000000;0.035315;0.035315;0.000000;0.000369;0.000369
 All;  2; 32; 15.0000;315.0000;  8136;     0;     0; 29001; 37137;0.004677;0.000000;0.004677;0.219081;1.000000;0.219081;1.000000;1.000000;1.000000;0.102464;0.102464;0.002412;0.001570;0.000000;0.035315;0.035315;0.000000;0.035315;0.035315;0.000000;0.007737;0.007737
 All;  2; 33; 15.0000;325.0000; 27005;     0;     0; 10135; 37140;0.004677;0.000000;0.004677;0.727114;1.000000;0.727114;1.000000;1.000000;1.000000;0.340071;0.340071;0.002412;0.001570;0.000000;0.035315;0.035315;0.000000;0.035315;0.035315;0.000000;0.025678;0.025678
 All;  2; 34; 15.0000;335.0000; 13243;     0;     0; 23900; 37143;0.004677;0.000000;0.004677;0.356541;1.000000;0.356541;1.000000;1.000000;1.000000;0.166754;0.166754;0.002412;0.001570;0.000000;0.035315;0.035315;0.000000;0.035315;0.035315;0.000000;0.012591;0.012591
 All;  2; 35; 15.0000;345.0000; 16980;     0;     0; 20159; 37139;0.004677;0.000000;0.004677;0.457201;1.000000;0.457201;1.000000;1.000000;1.000000;0.213833;0.213833;0.002412;0.001570;0.000000;0.035315;0.035315;0.000000;0.035315;0.035315;0.000000;0.016146;0.016146
 All;  2; 36; 15.0000;355.0000; 19571;     0;     0; 17572; 37143;0.004677;0.000000;0.004677;0.526910;1.000000;0.526910;1.000000;1.000000;1.000000;0.246436;0.246436;0.002412;0.001570;0.000000;0.035315;0.035315;0.000000;0.035315;0.035315;0.000000;0.018608;0.018608
 All;  3;  1; 25.0000;  5.0000;  6019;     0;     0; 26169; 32188;0.004388;0.000000;0.004388;0.186995;1.000000;0.186995;1.000000;1.000000;1.000000;0.082060;0.082060;0.003695;0.002924;0.000000;0.054105;0.054105;0.000000;0.054105;0.054105;0.000000;0.010117;0.010117
 All;  3;  2; 25.0000; 15.0000; 17873;     0;     0; 14314; 32187;0.004388;0.000000;0.004388;0.555286;1.000000;0.555286;1.000000;1.000000;1.000000;0.243678;0.243678;0.003695;0.002924;0.000000;0.054105;0.054105;0.000000;0.054105;0.054105;0.000000;0.030044;0.030044
 All;  3;  3; 25.0000; 25.0000; 29323;     0;     0;  2869; 32192;0.004388;0.000000;0.004388;0.910878;1.000000;0.910878;1.000000;1.000000;1.000000;0.399723;0.399723;0.003695;0.002924;0.000000;0.054105;0.054105;0.000000;0.054105;0.054105;0.000000;0.049283;0.049283
 All;  3;  4; 25.0000; 35.0000; 17353;     0;     0; 14833; 32186;0.004388;0.000000;0.004388;0.539147;1.000000;0.539147;1.000000;1.000000;1.000000;0.236596;0.236596;0.003695;0.002924;0.000000;0.054105;0.054105;0.000000;0.054105;0.054105;0.000000;0.029171;0.029171
 All;  3;  5; 25.0000; 45.0000;   561;     0;     0; 31621; 32182;0.004388;0.000000;0.004388;0.017432;1.000000;0.017432;1.000000;1.000000;1.000000;0.007650;0.007650;0.003695;0.002924;0.000000;0.054105;0.054105;0.000000;0.054105;0.054105;0.000000;0.000943;0.000943
 All;  3;  6; 25.0000; 55.0000;  5614;     0;     0; 26578; 32192;0.004388;0.000000;0.004388;0.174391;1.000000;0.174391;1.000000;1.000000;1.000000;0.076529;0.076529;0.003695;0.002924;0.000000;0.054105;0.054105;0.000000;0.054105;0.054105;0.000000;0.009435;0.009435
 All;  3;  7; 25.0000; 65.0000;  3752;     0;     0; 28435; 32187;0.004388;0.000000;0.004388;0.116569;1.000000;0.116569;1.000000;1.000000;1.000000;0.051154;0.051154;0.003695;0.002924;0.000000;0.054105;0.054105;0.000000;0.054105;0.054105;0.000000;0.006307;0.006307
 All;  3;  8; 25.0000; 75.0000; 19378;     0;     0; 12811; 32189;0.004388;0.000000;0.004388;0.602007;1.000000;0.602007;0.897983;1.000000;0.897983;0.264180;0.264180;0.003695;0.002924;0.016775;0.054105;0.070880;0.016775;0.054105;0.070880;0.015064;0.032572;0.047635
 All;  3;  9; 25.0000; 85.0000; 17536;     0;     0; 14652; 32188;0.004388;0.000000;0.004388;0.544799;1.000000;0.544799;0.493130;1.000000;0.493130;0.239076;0.239076;0.003695;0.002924;0.151082;0.054105;0.205187;0.151082;0.054105;0.205187;0.074503;0.029476;0.103980
 All;  3; 10; 25.0000; 95.0000;  5637;     0;     0; 26551; 32188;0.004388;0.000000;0.004388;0.175127;1.000000;0.175127;0.149812;1.000000;0.149812;0.076852;0.076852;0.003695;0.002924;0.104290;0.054105;0.158395;0.104290;0.054105;0.158395;0.015624;0.009475;0.025099
 All;  3; 11; 25.0000;105.0000;  8191;     0;     0; 23996; 32187;0.004388;0.000000;0.004388;0.254482;1.000000;0.254482;0.226853;1.000000;0.226853;0.111675;0.111675;0.003695;0.002924;0.087009;0.054105;0.141114;0.087009;0.054105;0.141114;0.019738;0.013769;0.033507
 All;  3; 12; 25.0000;115.0000;  4212;     0;     0; 27980; 32192;0.004388;0.000000;0.004388;0.130840;1.000000;0.130840;0.126253;1.000000;0.126253;0.057417;0.057417;0.003695;0.002924;0.084882;0.054105;0.138987;0.084882;0.054105;0.138987;0.010717;0.007079;0.017796
 All;  3; 13; 25.0000;125.0000;   247;     0;     0; 31939; 32186;0.004388;0.000000;0.004388;0.007674;1.000000;0.007674;0.011337;1.000000;0.011337;0.003368;0.003368;0.003695;0.002924;0.089285;0.054105;0.143390;0.089285;0.054105;0.143390;0.001012;0.000415;0.001427
 All;  3; 14; 25.0000;135.0000;  2914;     0;     0; 29268; 32182;0.004388;0.000000;0.004388;0.090548;1.000000;0.090548;0.098018;1.000000;0.098018;0.039735;0.039735;0.003695;0.002924;0.101466;0.054105;0.155571;0.101466;0.054105;0.155571;0.009945;0.004899;0.014845
 All;  3; 15; 25.0000;145.0000;  1370;     0;     0; 30822; 32192;0.004388;0.000000;0.004388;0.042557;1.000000;0.042557;0.049182;1.000000;0.049182;0.018675;0.018675;0.003695;0.002924;0.119932;0.054105;0.174037;0.119932;0.054105;0.174037;0.005898;0.002303;0.008201
 All;  3; 16; 25.0000;155.0000;   847;     0;     0; 31340; 32187;0.004388;0.000000;0.004388;0.026315;1.000000;0.026315;0.030461;1.000000;0.030461;0.011548;0.011548;0.003695;0.002924;0.147463;0.054105;0.201568;0.147463;0.054105;0.201568;0.004492;0.001424;0.005916
 All;  3; 17; 25.0000;165.0000;  3543;     0;     0; 28646; 32189;0.004388;0.000000;0.004388;0.110069;1.000000;0.110069;0.106502;1.000000;0.106502;0.048302;0.048302;0.003695;0.002924;0.178843;0.054105;0.232948;0.178843;0.054105;0.232948;0.019047;0.005955;0.025002
 All;  3; 18; 25.0000;175.0000;   552;     0;     0; 31636; 32188;0.004388;0.000000;0.004388;0.017149;1.000000;0.017149;0.018689;1.000000;0.018689;0.007526;0.007526;0.003695;0.002924;0.203348;0.054105;0.257453;0.203348;0.054105;0.257453;0.003800;0.000928;0.004728
 All;  3; 19; 25.0000;185.0000;   725;     0;     0; 31463; 32188;0.004388;0.000000;0.004388;0.022524;1.000000;0.022524;0.021150;1.000000;0.021150;0.009884;0.009884;0.003695;0.002924;0.203132;0.054105;0.257237;0.203132;0.054105;0.257237;0.004296;0.001219;0.005515
 All;  3; 20; 25.0000;195.0000;   679;     0;     0; 31508; 32187;0.004388;0.000000;0.004388;0.021095;1.000000;0.021095;0.020363;1.000000;0.020363;0.009257;0.009257;0.003695;0.002924;0.179228;0.054105;0.233333;0.179228;0.054105;0.233333;0.003650;0.001141;0.004791
 All;  3; 21; 25.0000;205.0000;  3775;     0;     0; 28417; 32192;0.004388;0.000000;0.004388;0.117265;1.000000;0.117265;0.120122;1.000000;0.120122;0.051460;0.051460;0.003695;0.002924;0.147389;0.054105;0.201494;0.147389;0.054105;0.201494;0.017705;0.006345;0.024049
 All;  3; 22; 25.0000;215.0000;  1194;     0;     0; 30992; 32186;0.004388;0.000000;0.004388;0.037097;1.000000;0.037097;0.042517;1.000000;0.042517;0.016279;0.016279;0.003695;0.002924;0.119749;0.054105;0.173854;0.119749;0.054105;0.173854;0.005091;0.002007;0.007098
 All;  3; 23; 25.0000;225.0000;  1024;     0;     0; 31158; 32182;0.004388;0.000000;0.004388;0.031819;1.000000;0.031819;0.037650;1.000000;0.037650;0.013963;0.013963;0.003695;0.002924;0.102075;0.054105;0.156180;0.102075;0.054105;0.156180;0.003843;0.001722;0.005565
 All;  3; 24; 25.0000;235.0000;  9756;     0;     0; 22436; 32192;0.004388;0.000000;0.004388;0.303057;1.000000;0.303057;0.317812;1.000000;0.317812;0.132991;0.132991;0.003695;0.002924;0.089419;0.054105;0.143524;0.089419;0.054105;0.143524;0.028419;0.016397;0.044815
 All;  3; 25; 25.0000;245.0000; 28270;     0;     0;  3917; 32187;0.004388;0.000000;0.004388;0.878305;1.000000;0.878305;0.878708;1.000000;0.878708;0.385429;0.385429;0.003695;0.002924;0.084751;0.054105;0.138856;0.084751;0.054105;0.138856;0.074471;0.047521;0.121992
 All;  3; 26; 25.0000;255.0000; 28935;     0;     0;  3254; 32189;0.004388;0.000000;0.004388;0.898910;1.000000;0.898910;0.887591;1.000000;0.887591;0.394471;0.394471;0.003695;0.002924;0.086273;0.054105;0.140378;0.086273;0.054105;0.140378;0.076575;0.048635;0.125211
 All;  3; 27; 25.0000;265.0000; 29607;     0;     0;  2581; 32188;0.004388;0.000000;0.004388;0.919815;1.000000;0.919815;0.915820;1.000000;0.915820;0.403645;0.403645;0.003695;0.002924;0.105245;0.054105;0.159350;0.105245;0.054105;0.159350;0.096386;0.049767;0.146152
 All;  3; 28; 25.0000;275.0000;  5015;     0;     0; 27173; 32188;0.004388;0.000000;0.004388;0.155803;1.000000;0.155803;0.200603;1.000000;0.200603;0.068372;0.068372;0.003695;0.002924;0.150667;0.054105;0.204772;0.150667;0.054105;0.204772;0.030224;0.008430;0.038654
 All;  3; 29; 25.0000;285.0000;   599;     0;     0; 31588; 32187;0.004388;0.000000;0.004388;0.018610;1.000000;0.018610;0.000000;1.000000;0.000000;0.008167;0.008167;0.003695;0.002924;0.016606;0.054105;0.070710;0.016606;0.054105;0.070710;0.000000;0.001007;0.001007
 All;  3; 30; 25.0000;295.0000;  1205;     0;     0; 30987; 32192;0.004388;0.000000;0.004388;0.037432;1.000000;0.037432;1.000000;1.000000;1.000000;0.016426;0.016426;0.003695;0.002924;0.000000;0.054105;0.054105;0.000000;0.054105;0.054105;0.000000;0.002025;0.002025
 All;  3; 31; 25.0000;305.0000;  2076;     0;     0; 30110; 32186;0.004388;0.000000;0.004388;0.064500;1.000000;0.064500;1.000000;1.000000;1.000000;0.028305;0.028305;0.003695;0.002924;0.000000;0.054105;0.054105;0.000000;0.054105;0.054105;0.000000;0.003490;0.003490
 All;  3; 32; 25.0000;315.0000; 12886;     0;     0; 19296; 32182;0.004388;0.000000;0.004388;0.400410;1.000000;0.400410;1.000000;1.000000;1.000000;0.175713;0.175713;0.003695;0.002924;0.000000;0.054105;0.054105;0.000000;0.054105;0.054105;0.000000;0.021664;0.021664
 All;  3; 33; 25.0000;325.0000;  7644;     0;     0; 24548; 32192;0.004388;0.000000;0.004388;0.237450;1.000000;0.237450;1.000000;1.000000;1.000000;0.104201;0.104201;0.003695;0.002924;0.000000;0.054105;0.054105;0.000000;0.054105;0.054105;0.000000;0.012847;0.012847
 All;  3; 34; 25.0000;335.0000;   699;     0;     0; 31488; 32187;0.004388;0.000000;0.004388;0.021717;1.000000;0.021717;1.000000;1.000000;1.000000;0.009530;0.009530;0.003695;0.002924;0.000000;0.054105;0.054105;0.000000;0.054105;0.054105;0.000000;0.001175;0.001175
 All;  3; 35; 25.0000;345.0000;  8013;     0;     0; 24176; 32189;0.004388;0.000000;0.004388;0.248936;1.000000;0.248936;1.000000;1.000000;1.000000;0.109241;0.109241;0.003695;0.002924;0.000000;0.054105;0.054105;0.000000;0.054105;0.054105;0.000000;0.013469;0.013469
 All;  3; 36; 25.0000;355.0000; 18286;     0;     0; 13902; 32188;0.004388;0.000000;0.004388;0.568100;1.000000;0.568100;1.000000;1.000000;1.000000;0.249301;0.249301;0.003695;0.002924;0.000000;0.054105;0.054105;0.000000;0.054105;0.054105;0.000000;0.030737;0.030737
 All;  4;  1; 35.0000;  5.0000;  5258;     0;     0; 21982; 27240;0.003966;0.000000;0.003966;0.193025;1.000000;0.193025;1.000000;1.000000;1.000000;0.076560;0.076560;0.004533;0.004174;0.000000;0.066370;0.066370;0.000000;0.066370;0.066370;0.000000;0.012811;0.012811
 All;  4;  2; 35.0000; 15.0000;  4905;     0;     0; 22334; 27239;0.003966;0.000000;0.003966;0.180073;1.000000;0.180073;1.000000;1.000000;1.000000;0.071423;0.071423;0.004533;0.004174;0.000000;0.066370;0.066370;0.000000;0.066370;0.066370;0.000000;0.011951;0.011951
 All;  4;  3; 35.0000; 25.0000; 24397;     0;     0;  2827; 27224;0.003966;0.000000;0.003966;0.896158;1.000000;0.896158;1.000000;1.000000;1.000000;0.355445;0.355445;0.004533;0.004174;0.000000;0.066370;0.066370;0.000000;0.066370;0.066370;0.000000;0.059478;0.059478
 All;  4;  4; 35.0000; 35.0000; 25319;     0;     0;  1932; 27251;0.003966;0.000000;0.003966;0.929104;1.000000;0.929104;1.000000;1.000000;1.000000;0.368512;0.368512;0.004533;0.004174;0.000000;0.066370;0.066370;0.000000;0.066370;0.066370;0.000000;0.061664;0.061664
 All;  4;  5; 35.0000; 45.0000; 10192;     0;     0; 17058; 27250;0.003966;0.000000;0.003966;0.374018;1.000000;0.374018;1.000000;1.000000;1.000000;0.148348;0.148348;0.004533;0.004174;0.000000;0.066370;0.066370;0.000000;0.066370;0.066370;0.000000;0.024823;0.024823
 All;  4;  6; 35.0000; 55.0000; 14692;     0;     0; 12540; 27232;0.003966;0.000000;0.003966;0.539512;1.000000;0.539512;1.000000;1.000000;1.000000;0.213988;0.213988;0.004533;0.004174;0.000000;0.066370;0.066370;0.000000;0.066370;0.066370;0.000000;0.035807;0.035807
 All;  4;  7; 35.0000; 65.0000; 11083;     0;     0; 16154; 27237;0.003966;0.000000;0.003966;0.406910;1.000000;0.406910;1.000000;1.000000;1.000000;0.161394;0.161394;0.004533;0.004174;0.000000;0.066370;0.066370;0.000000;0.066370;0.066370;0.000000;0.027006;0.027006
 All;  4;  8; 35.0000; 75.0000; 13966;     0;     0; 13276; 27242;0.003966;0.000000;0.003966;0.512664;1.000000;0.512664;1.000000;1.000000;1.000000;0.203339;0.203339;0.004533;0.004174;0.000000;0.066370;0.066370;0.000000;0.066370;0.066370;0.000000;0.034025;0.034025
 All;  4;  9; 35.0000; 85.0000;  2625;     0;     0; 24611; 27236;0.003966;0.000000;0.003966;0.096380;1.000000;0.096380;0.569167;1.000000;0.569167;0.038227;0.038227;0.004533;0.004174;0.021971;0.066370;0.088341;0.021971;0.066370;0.088341;0.012505;0.006397;0.018902
 All;  4; 10; 35.0000; 95.0000;  1820;     0;     0; 25420; 27240;0.003966;0.000000;0.003966;0.066814;1.000000;0.066814;0.067438;1.000000;0.067438;0.026500;0.026500;0.004533;0.004174;0.239079;0.066370;0.305449;0.239079;0.066370;0.305449;0.016123;0.004434;0.020557
 All;  4; 11; 35.0000;105.0000;  2308;     0;     0; 24931; 27239;0.003966;0.000000;0.003966;0.084731;1.000000;0.084731;0.071595;1.000000;0.071595;0.033607;0.033607;0.004533;0.004174;0.180417;0.066370;0.246787;0.180417;0.066370;0.246787;0.012917;0.005624;0.018541
 All;  4; 12; 35.0000;115.0000; 14504;     0;     0; 12720; 27224;0.003966;0.000000;0.003966;0.532765;1.000000;0.532765;0.582471;1.000000;0.582471;0.211312;0.211312;0.004533;0.004174;0.142579;0.066370;0.208949;0.142579;0.066370;0.208949;0.083048;0.035359;0.118408
 All;  4; 13; 35.0000;125.0000;  3709;     0;     0; 23542; 27251;0.003966;0.000000;0.003966;0.136105;1.000000;0.136105;0.161585;1.000000;0.161585;0.053984;0.053984;0.004533;0.004174;0.134636;0.066370;0.201005;0.134636;0.066370;0.201005;0.021755;0.009033;0.030788
 All;  4; 14; 35.0000;135.0000;  3494;     0;     0; 23756; 27250;0.003966;0.000000;0.003966;0.128220;1.000000;0.128220;0.130316;1.000000;0.130316;0.050856;0.050856;0.004533;0.004174;0.135568;0.066370;0.201938;0.135568;0.066370;0.201938;0.017667;0.008510;0.026177
 All;  4; 15; 35.0000;145.0000;  5533;     0;     0; 21699; 27232;0.003966;0.000000;0.003966;0.203180;1.000000;0.203180;0.206631;1.000000;0.206631;0.080588;0.080588;0.004533;0.004174;0.142222;0.066370;0.208592;0.142222;0.066370;0.208592;0.029387;0.013485;0.042872
 All;  4; 16; 35.0000;155.0000;  3416;     0;     0; 23821; 27237;0.003966;0.000000;0.003966;0.125418;1.000000;0.125418;0.128065;1.000000;0.128065;0.049745;0.049745;0.004533;0.004174;0.150721;0.066370;0.217091;0.150721;0.066370;0.217091;0.019302;0.008324;0.027626
 All;  4; 17; 35.0000;165.0000;   726;     0;     0; 26516; 27242;0.003966;0.000000;0.003966;0.026650;1.000000;0.026650;0.027265;1.000000;0.027265;0.010570;0.010570;0.004533;0.004174;0.159856;0.066370;0.226226;0.159856;0.066370;0.226226;0.004359;0.001769;0.006127
 All;  4; 18; 35.0000;175.0000;  1001;     0;     0; 26235; 27236;0.003966;0.000000;0.003966;0.036753;1.000000;0.036753;0.031042;1.000000;0.031042;0.014577;0.014577;0.004533;0.004174;0.165471;0.066370;0.231840;0.165471;0.066370;0.231840;0.005136;0.002439;0.007576
 All;  4; 19; 35.0000;185.0000;  3590;     0;     0; 23650; 27240;0.003966;0.000000;0.003966;0.131791;1.000000;0.131791;0.130387;1.000000;0.130387;0.052273;0.052273;0.004533;0.004174;0.167472;0.066370;0.233841;0.167472;0.066370;0.233841;0.021836;0.008747;0.030583
 All;  4; 20; 35.0000;195.0000;  6283;     0;     0; 20956; 27239;0.003966;0.000000;0.003966;0.230662;1.000000;0.230662;0.248928;1.000000;0.248928;0.091488;0.091488;0.004533;0.004174;0.159109;0.066370;0.225479;0.159109;0.066370;0.225479;0.039607;0.015309;0.054916
 All;  4; 21; 35.0000;205.0000;    35;     0;     0; 27189; 27224;0.003966;0.000000;0.003966;0.001286;1.000000;0.001286;0.001243;1.000000;0.001243;0.000510;0.000510;0.004533;0.004174;0.149951;0.066370;0.216321;0.149951;0.066370;0.216321;0.000186;0.000085;0.000272
 All;  4; 22; 35.0000;215.0000;   523;     0;     0; 26728; 27251;0.003966;0.000000;0.003966;0.019192;1.000000;0.019192;0.025840;1.000000;0.025840;0.007612;0.007612;0.004533;0.004174;0.141835;0.066370;0.208205;0.141835;0.066370;0.208205;0.003665;0.001274;0.004939
 All;  4; 23; 35.0000;225.0000;  1765;     0;     0; 25485; 27250;0.003966;0.000000;0.003966;0.064771;1.000000;0.064771;0.067359;1.000000;0.067359;0.025690;0.025690;0.004533;0.004174;0.135618;0.066370;0.201988;0.135618;0.066370;0.201988;0.009135;0.004299;0.013434
 All;  4; 24; 35.0000;235.0000;  3165;     0;     0; 24067; 27232;0.003966;0.000000;0.003966;0.116224;1.000000;0.116224;0.102893;1.000000;0.102893;0.046098;0.046098;0.004533;0.004174;0.133652;0.066370;0.200022;0.133652;0.066370;0.200022;0.013752;0.007714;0.021466
 All;  4; 25; 35.0000;245.0000; 18749;     0;     0;  8488; 27237;0.003966;0.000000;0.003966;0.688365;1.000000;0.688365;0.656603;1.000000;0.656603;0.273028;0.273028;0.004533;0.004174;0.142569;0.066370;0.208939;0.142569;0.066370;0.208939;0.093611;0.045686;0.139298
 All;  4; 26; 35.0000;255.0000; 21693;     0;     0;  5549; 27242;0.003966;0.000000;0.003966;0.796307;1.000000;0.796307;0.765969;1.000000;0.765969;0.315841;0.315841;0.004533;0.004174;0.180845;0.066370;0.247215;0.180845;0.066370;0.247215;0.138522;0.052851;0.191373
 All;  4; 27; 35.0000;265.0000; 25893;     0;     0;  1343; 27236;0.003966;0.000000;0.003966;0.950690;1.000000;0.950690;0.931076;1.000000;0.931076;0.377074;0.377074;0.004533;0.004174;0.238333;0.066370;0.304702;0.238333;0.066370;0.304702;0.221906;0.063097;0.285003
 All;  4; 28; 35.0000;275.0000; 23036;     0;     0;  4204; 27240;0.003966;0.000000;0.003966;0.845668;1.000000;0.845668;0.670126;1.000000;0.670126;0.335419;0.335419;0.004533;0.004174;0.022383;0.066370;0.088753;0.022383;0.066370;0.088753;0.015000;0.056127;0.071126
 All;  4; 29; 35.0000;285.0000;  3520;     0;     0; 23719; 27239;0.003966;0.000000;0.003966;0.129226;1.000000;0.129226;1.000000;1.000000;1.000000;0.051255;0.051255;0.004533;0.004174;0.000000;0.066370;0.066370;0.000000;0.066370;0.066370;0.000000;0.008577;0.008577
 All;  4; 30; 35.0000;295.0000;  2828;     0;     0; 24396; 27224;0.003966;0.000000;0.003966;0.103879;1.000000;0.103879;1.000000;1.000000;1.000000;0.041202;0.041202;0.004533;0.004174;0.000000;0.066370;0.066370;0.000000;0.066370;0.066370;0.000000;0.006894;0.006894
 All;  4; 31; 35.0000;305.0000;  1910;     0;     0; 25341; 27251;0.003966;0.000000;0.003966;0.070089;1.000000;0.070089;1.000000;1.000000;1.000000;0.027800;0.027800;0.004533;0.004174;0.000000;0.066370;0.066370;0.000000;0.066370;0.066370;0.000000;0.004652;0.004652
 All;  4; 32; 35.0000;315.0000;  2754;     0;     0; 24496; 27250;0.003966;0.000000;0.003966;0.101064;1.000000;0.101064;1.000000;1.000000;1.000000;0.040085;0.040085;0.004533;0.004174;0.000000;0.066370;0.066370;0.000000;0.066370;0.066370;0.000000;0.006708;0.006708
 All;  4; 33; 35.0000;325.0000;  4303;     0;     0; 22929; 27232;0.003966;0.000000;0.003966;0.158013;1.000000;0.158013;1.000000;1.000000;1.000000;0.062673;0.062673;0.004533;0.004174;0.000000;0.066370;0.066370;0.000000;0.066370;0.066370;0.000000;0.010487;0.010487
 All;  4; 34; 35.0000;335.0000;  4042;     0;     0; 23195; 27237;0.003966;0.000000;0.003966;0.148401;1.000000;0.148401;1.000000;1.000000;1.000000;0.058861;0.058861;0.004533;0.004174;0.000000;0.066370;0.066370;0.000000;0.066370;0.066370;0.000000;0.009849;0.009849
 All;  4; 35; 35.0000;345.0000;  8208;     0;     0; 19034; 27242;0.003966;0.000000;0.003966;0.301299;1.000000;0.301299;1.000000;1.000000;1.000000;0.119505;0.119505;0.004533;0.004174;0.000000;0.066370;0.066370;0.000000;0.066370;0.066370;0.000000;0.019997;0.019997
 All;  4; 36; 35.0000;355.0000; 13069;     0;     0; 14167; 27236;0.003966;0.000000;0.003966;0.479843;1.000000;0.479843;1.000000;1.000000;1.000000;0.190321;0.190321;0.004533;0.004174;0.000000;0.066370;0.066370;0.000000;0.066370;0.066370;0.000000;0.031847;0.031847
 All;  5;  1; 45.0000;  5.0000;  4860;     0;     0; 17432; 22292;0.003424;0.000000;0.003424;0.218015;1.000000;0.218015;1.000000;1.000000;1.000000;0.074644;0.074644;0.004824;0.004994;0.000000;0.070629;0.070629;0.000000;0.070629;0.070629;0.000000;0.015398;0.015398
 All;  5;  2; 45.0000; 15.0000;  4173;     0;     0; 18112; 22285;0.003424;0.000000;0.003424;0.187256;1.000000;0.187256;1.000000;1.000000;1.000000;0.064113;0.064113;0.004824;0.004994;0.000000;0.070629;0.070629;0.000000;0.070629;0.070629;0.000000;0.013226;0.013226
 All;  5;  3; 45.0000; 25.0000;  6067;     0;     0; 16231; 22298;0.003424;0.000000;0.003424;0.272087;1.000000;0.272087;1.000000;1.000000;1.000000;0.093157;0.093157;0.004824;0.004994;0.000000;0.070629;0.070629;0.000000;0.070629;0.070629;0.000000;0.019217;0.019217
 All;  5;  4; 45.0000; 35.0000; 21665;     0;     0;   607; 22272;0.003424;0.000000;0.003424;0.972746;1.000000;0.972746;1.000000;1.000000;1.000000;0.333049;0.333049;0.004824;0.004994;0.000000;0.070629;0.070629;0.000000;0.070629;0.070629;0.000000;0.068704;0.068704
 All;  5;  5; 45.0000; 45.0000; 22269;     0;     0;     0; 22269;0.003424;0.000000;0.003424;1.000000;1.000000;1.000000;1.000000;1.000000;1.000000;0.342380;0.342380;0.004824;0.004994;0.000000;0.070629;0.070629;0.000000;0.070629;0.070629;0.000000;0.070629;0.070629
 All;  5;  6; 45.0000; 55.0000; 19707;     0;     0;  2587; 22294;0.003424;0.000000;0.003424;0.883960;1.000000;0.883960;1.000000;1.000000;1.000000;0.302650;0.302650;0.004824;0.004994;0.000000;0.070629;0.070629;0.000000;0.070629;0.070629;0.000000;0.062433;0.062433
 All;  5;  7; 45.0000; 65.0000; 12443;     0;     0;  9841; 22284;0.003424;0.000000;0.003424;0.558383;1.000000;0.558383;1.000000;1.000000;1.000000;0.191179;0.191179;0.004824;0.004994;0.000000;0.070629;0.070629;0.000000;0.070629;0.070629;0.000000;0.039438;0.039438
 All;  5;  8; 45.0000; 75.0000;  2972;     0;     0; 19311; 22283;0.003424;0.000000;0.003424;0.133375;1.000000;0.133375;1.000000;1.000000;1.000000;0.045665;0.045665;0.004824;0.004994;0.000000;0.070629;0.070629;0.000000;0.070629;0.070629;0.000000;0.009420;0.009420
 All;  5;  9; 45.0000; 85.0000;  3542;     0;     0; 18745; 22287;0.003424;0.000000;0.003424;0.158927;1.000000;0.158927;1.000000;1.000000;1.000000;0.054413;0.054413;0.004824;0.004994;0.000000;0.070629;0.070629;0.000000;0.070629;0.070629;0.000000;0.011225;0.011225
 All;  5; 10; 45.0000; 95.0000;  2155;     0;     0; 20137; 22292;0.003424;0.000000;0.003424;0.096671;1.000000;0.096671;0.000000;1.000000;0.000000;0.033098;0.033098;0.004824;0.004994;0.005804;0.070629;0.076433;0.005804;0.070629;0.076433;0.000000;0.006828;0.006828
 All;  5; 11; 45.0000;105.0000;  3134;     0;     0; 19151; 22285;0.003424;0.000000;0.003424;0.140633;1.000000;0.140633;0.134548;1.000000;0.134548;0.048150;0.048150;0.004824;0.004994;0.236492;0.070629;0.307121;0.236492;0.070629;0.307121;0.031820;0.009933;0.041752
 All;  5; 12; 45.0000;115.0000;  2820;     0;     0; 19478; 22298;0.003424;0.000000;0.003424;0.126469;1.000000;0.126469;0.161126;1.000000;0.161126;0.043300;0.043300;0.004824;0.004994;0.289443;0.070629;0.360072;0.289443;0.070629;0.360072;0.046637;0.008932;0.055569
 All;  5; 13; 45.0000;125.0000;  5950;     0;     0; 16322; 22272;0.003424;0.000000;0.003424;0.267152;1.000000;0.267152;0.247121;1.000000;0.247121;0.091467;0.091467;0.004824;0.004994;0.195334;0.070629;0.265963;0.195334;0.070629;0.265963;0.048271;0.018869;0.067140
 All;  5; 14; 45.0000;135.0000;  1291;     0;     0; 20978; 22269;0.003424;0.000000;0.003424;0.057973;1.000000;0.057973;0.065167;1.000000;0.065167;0.019849;0.019849;0.004824;0.004994;0.172784;0.070629;0.243413;0.172784;0.070629;0.243413;0.011260;0.004095;0.015354
 All;  5; 15; 45.0000;145.0000;  7220;     0;     0; 15074; 22294;0.003424;0.000000;0.003424;0.323854;1.000000;0.323854;0.334888;1.000000;0.334888;0.110881;0.110881;0.004824;0.004994;0.165174;0.070629;0.235803;0.165174;0.070629;0.235803;0.055315;0.022873;0.078188
 All;  5; 16; 45.0000;155.0000;  7007;     0;     0; 15277; 22284;0.003424;0.000000;0.003424;0.314441;1.000000;0.314441;0.339151;1.000000;0.339151;0.107658;0.107658;0.004824;0.004994;0.164291;0.070629;0.234920;0.164291;0.070629;0.234920;0.055720;0.022209;0.077928
 All;  5; 17; 45.0000;165.0000;  2925;     0;     0; 19358; 22283;0.003424;0.000000;0.003424;0.131266;1.000000;0.131266;0.128783;1.000000;0.128783;0.044943;0.044943;0.004824;0.004994;0.164302;0.070629;0.234931;0.164302;0.070629;0.234931;0.021159;0.009271;0.030431
 All;  5; 18; 45.0000;175.0000;  3907;     0;     0; 18380; 22287;0.003424;0.000000;0.003424;0.175304;1.000000;0.175304;0.177962;1.000000;0.177962;0.060021;0.060021;0.004824;0.004994;0.165357;0.070629;0.235986;0.165357;0.070629;0.235986;0.029427;0.012382;0.041809
 All;  5; 19; 45.0000;185.0000;  5375;     0;     0; 16917; 22292;0.003424;0.000000;0.003424;0.241118;1.000000;0.241118;0.219553;1.000000;0.219553;0.082554;0.082554;0.004824;0.004994;0.164328;0.070629;0.234957;0.164328;0.070629;0.234957;0.036079;0.017030;0.053109
 All;  5; 20; 45.0000;195.0000;  6382;     0;     0; 15903; 22285;0.003424;0.000000;0.003424;0.286381;1.000000;0.286381;0.267796;1.000000;0.267796;0.098051;0.098051;0.004824;0.004994;0.165362;0.070629;0.235991;0.165362;0.070629;0.235991;0.044283;0.020227;0.064510
 All;  5; 21; 45.0000;205.0000;   902;     0;     0; 21396; 22298;0.003424;0.000000;0.003424;0.040452;1.000000;0.040452;0.041333;1.000000;0.041333;0.013850;0.013850;0.004824;0.004994;0.163805;0.070629;0.234434;0.163805;0.070629;0.234434;0.006771;0.002857;0.009628
 All;  5; 22; 45.0000;215.0000;   306;     0;     0; 21966; 22272;0.003424;0.000000;0.003424;0.013739;1.000000;0.013739;0.015217;1.000000;0.015217;0.004704;0.004704;0.004824;0.004994;0.166182;0.070629;0.236811;0.166182;0.070629;0.236811;0.002529;0.000970;0.003499
 All;  5; 23; 45.0000;225.0000;  5076;     0;     0; 17193; 22269;0.003424;0.000000;0.003424;0.227940;1.000000;0.227940;0.243471;1.000000;0.243471;0.078042;0.078042;0.004824;0.004994;0.172975;0.070629;0.243604;0.172975;0.070629;0.243604;0.042115;0.016099;0.058214
 All;  5; 24; 45.0000;235.0000; 13969;     0;     0;  8325; 22294;0.003424;0.000000;0.003424;0.626581;1.000000;0.626581;0.667282;1.000000;0.667282;0.214529;0.214529;0.004824;0.004994;0.196347;0.070629;0.266976;0.196347;0.070629;0.266976;0.131019;0.044255;0.175274
 All;  5; 25; 45.0000;245.0000; 16459;     0;     0;  5825; 22284;0.003424;0.000000;0.003424;0.738602;1.000000;0.738602;0.793868;1.000000;0.793868;0.252883;0.252883;0.004824;0.004994;0.290204;0.070629;0.360833;0.290204;0.070629;0.360833;0.230384;0.052167;0.282551
 All;  5; 26; 45.0000;255.0000;  8883;     0;     0; 13400; 22283;0.003424;0.000000;0.003424;0.398645;1.000000;0.398645;0.543480;1.000000;0.543480;0.136488;0.136488;0.004824;0.004994;0.235912;0.070629;0.306541;0.235912;0.070629;0.306541;0.128214;0.028156;0.156369
 All;  5; 27; 45.0000;265.0000; 10085;     0;     0; 12202; 22287;0.003424;0.000000;0.003424;0.452506;1.000000;0.452506;1.000000;1.000000;1.000000;0.154929;0.154929;0.004824;0.004994;0.006439;0.070629;0.077068;0.006439;0.070629;0.077068;0.006439;0.031960;0.038399
 All;  5; 28; 45.0000;275.0000;  5233;     0;     0; 17059; 22292;0.003424;0.000000;0.003424;0.234748;1.000000;0.234748;1.000000;1.000000;1.000000;0.080373;0.080373;0.004824;0.004994;0.000000;0.070629;0.070629;0.000000;0.070629;0.070629;0.000000;0.016580;0.016580
 All;  5; 29; 45.0000;285.0000;  1680;     0;     0; 20605; 22285;0.003424;0.000000;0.003424;0.075387;1.000000;0.075387;1.000000;1.000000;1.000000;0.025811;0.025811;0.004824;0.004994;0.000000;0.070629;0.070629;0.000000;0.070629;0.070629;0.000000;0.005325;0.005325
 All;  5; 30; 45.0000;295.0000;  1044;     0;     0; 21254; 22298;0.003424;0.000000;0.003424;0.046820;1.000000;0.046820;1.000000;1.000000;1.000000;0.016030;0.016030;0.004824;0.004994;0.000000;0.070629;0.070629;0.000000;0.070629;0.070629;0.000000;0.003307;0.003307
 All;  5; 31; 45.0000;305.0000;   729;     0;     0; 21543; 22272;0.003424;0.000000;0.003424;0.032732;1.000000;0.032732;1.000000;1.000000;1.000000;0.011207;0.011207;0.004824;0.004994;0.000000;0.070629;0.070629;0.000000;0.070629;0.070629;0.000000;0.002312;0.002312
 All;  5; 32; 45.0000;315.0000;   526;     0;     0; 21743; 22269;0.003424;0.000000;0.003424;0.023620;1.000000;0.023620;1.000000;1.000000;1.000000;0.008087;0.008087;0.004824;0.004994;0.000000;0.070629;0.070629;0.000000;0.070629;0.070629;0.000000;0.001668;0.001668
 All;  5; 33; 45.0000;325.0000;  3439;     0;     0; 18855; 22294;0.003424;0.000000;0.003424;0.154257;1.000000;0.154257;1.000000;1.000000;1.000000;0.052814;0.052814;0.004824;0.004994;0.000000;0.070629;0.070629;0.000000;0.070629;0.070629;0.000000;0.010895;0.010895
 All;  5; 34; 45.0000;335.0000;  6471;     0;     0; 15813; 22284;0.003424;0.000000;0.003424;0.290388;1.000000;0.290388;1.000000;1.000000;1.000000;0.099423;0.099423;0.004824;0.004994;0.000000;0.070629;0.070629;0.000000;0.070629;0.070629;0.000000;0.020510;0.020510
 All;  5; 35; 45.0000;345.0000;  1481;     0;     0; 20802; 22283;0.003424;0.000000;0.003424;0.066463;1.000000;0.066463;1.000000;1.000000;1.000000;0.022756;0.022756;0.004824;0.004994;0.000000;0.070629;0.070629;0.000000;0.070629;0.070629;0.000000;0.004694;0.004694
 All;  5; 36; 45.0000;355.0000;  7848;     0;     0; 14439; 22287;0.003424;0.000000;0.003424;0.352134;1.000000;0.352134;1.000000;1.000000;1.000000;0.120564;0.120564;0.004824;0.004994;0.000000;0.070629;0.070629;0.000000;0.070629;0.070629;0.000000;0.024871;0.024871
 All;  6;  1; 55.0000;  5.0000;  4573;     0;     0; 12751; 17324;0.002777;0.000000;0.002777;0.263969;1.000000;0.263969;1.000000;1.000000;1.000000;0.073311;0.073311;0.004533;0.005129;0.000000;0.066370;0.066370;0.000000;0.066370;0.066370;0.000000;0.017520;0.017520
 All;  6;  2; 55.0000; 15.0000;  2003;     0;     0; 15327; 17330;0.002777;0.000000;0.002777;0.115580;1.000000;0.115580;1.000000;1.000000;1.000000;0.032099;0.032099;0.004533;0.005129;0.000000;0.066370;0.066370;0.000000;0.066370;0.066370;0.000000;0.007671;0.007671
 All;  6;  3; 55.0000; 25.0000;  3654;     0;     0; 13672; 17326;0.002777;0.000000;0.002777;0.210897;1.000000;0.210897;1.000000;1.000000;1.000000;0.058571;0.058571;0.004533;0.005129;0.000000;0.066370;0.066370;0.000000;0.066370;0.066370;0.000000;0.013997;0.013997
 All;  6;  4; 55.0000; 35.0000; 13488;     0;     0;  3848; 17336;0.002777;0.000000;0.002777;0.778034;1.000000;0.778034;1.000000;1.000000;1.000000;0.216079;0.216079;0.004533;0.005129;0.000000;0.066370;0.066370;0.000000;0.066370;0.066370;0.000000;0.051638;0.051638
 All;  6;  5; 55.0000; 45.0000; 16366;     0;     0;   986; 17352;0.002777;0.000000;0.002777;0.943177;1.000000;0.943177;1.000000;1.000000;1.000000;0.261944;0.261944;0.004533;0.005129;0.000000;0.066370;0.066370;0.000000;0.066370;0.066370;0.000000;0.062598;0.062598
 All;  6;  6; 55.0000; 55.0000; 14532;     0;     0;  2790; 17322;0.002777;0.000000;0.002777;0.838933;1.000000;0.838933;1.000000;1.000000;1.000000;0.232993;0.232993;0.004533;0.005129;0.000000;0.066370;0.066370;0.000000;0.066370;0.066370;0.000000;0.055680;0.055680
 All;  6;  7; 55.0000; 65.0000;  8224;     0;     0;  9111; 17335;0.002777;0.000000;0.002777;0.474416;1.000000;0.474416;1.000000;1.000000;1.000000;0.131757;0.131757;0.004533;0.005129;0.000000;0.066370;0.066370;0.000000;0.066370;0.066370;0.000000;0.031487;0.031487
 All;  6;  8; 55.0000; 75.0000;  7232;     0;     0; 10098; 17330;0.002777;0.000000;0.002777;0.417311;1.000000;0.417311;1.000000;1.000000;1.000000;0.115898;0.115898;0.004533;0.005129;0.000000;0.066370;0.066370;0.000000;0.066370;0.066370;0.000000;0.027697;0.027697
 All;  6;  9; 55.0000; 85.0000;  6935;     0;     0; 10395; 17330;0.002777;0.000000;0.002777;0.400173;1.000000;0.400173;1.000000;1.000000;1.000000;0.111138;0.111138;0.004533;0.005129;0.000000;0.066370;0.066370;0.000000;0.066370;0.066370;0.000000;0.026559;0.026559
 All;  6; 10; 55.0000; 95.0000;  2608;     0;     0; 14716; 17324;0.002777;0.000000;0.002777;0.150543;1.000000;0.150543;1.000000;1.000000;1.000000;0.041809;0.041809;0.004533;0.005129;0.000000;0.066370;0.066370;0.000000;0.066370;0.066370;0.000000;0.009991;0.009991
 All;  6; 11; 55.0000;105.0000;  4824;     0;     0; 12506; 17330;0.002777;0.000000;0.002777;0.278361;1.000000;0.278361;1.000000;1.000000;1.000000;0.077308;0.077308;0.004533;0.005129;0.000000;0.066370;0.066370;0.000000;0.066370;0.066370;0.000000;0.018475;0.018475
 All;  6; 12; 55.0000;115.0000;   414;     0;     0; 16912; 17326;0.002777;0.000000;0.002777;0.023895;1.000000;0.023895;0.045903;1.000000;0.045903;0.006636;0.006636;0.004533;0.005129;0.096674;0.066370;0.163043;0.096674;0.066370;0.163043;0.004438;0.001586;0.006023
 All;  6; 13; 55.0000;125.0000;  2370;     0;     0; 14966; 17336;0.002777;0.000000;0.002777;0.136710;1.000000;0.136710;0.141332;1.000000;0.141332;0.037968;0.037968;0.004533;0.005129;0.271359;0.066370;0.337728;0.271359;0.066370;0.337728;0.038352;0.009073;0.047425
 All;  6; 14; 55.0000;135.0000;  3702;     0;     0; 13650; 17352;0.002777;0.000000;0.002777;0.213347;1.000000;0.213347;0.283180;1.000000;0.283180;0.059252;0.059252;0.004533;0.005129;0.319127;0.066370;0.385497;0.319127;0.066370;0.385497;0.090371;0.014160;0.104530
 All;  6; 15; 55.0000;145.0000; 10360;     0;     0;  6962; 17322;0.002777;0.000000;0.002777;0.598083;1.000000;0.598083;0.552181;1.000000;0.552181;0.166103;0.166103;0.004533;0.005129;0.233428;0.066370;0.299798;0.233428;0.066370;0.299798;0.128895;0.039695;0.168589
 All;  6; 16; 55.0000;155.0000;  9482;     0;     0;  7853; 17335;0.002777;0.000000;0.002777;0.546986;1.000000;0.546986;0.535320;1.000000;0.535320;0.151912;0.151912;0.004533;0.005129;0.203652;0.066370;0.270021;0.203652;0.066370;0.270021;0.109019;0.036303;0.145322
 All;  6; 17; 55.0000;165.0000;  2587;     0;     0; 14743; 17330;0.002777;0.000000;0.002777;0.149279;1.000000;0.149279;0.141677;1.000000;0.141677;0.041458;0.041458;0.004533;0.005129;0.191840;0.066370;0.258210;0.191840;0.066370;0.258210;0.027179;0.009908;0.037087
 All;  6; 18; 55.0000;175.0000;  1442;     0;     0; 15888; 17330;0.002777;0.000000;0.002777;0.083208;1.000000;0.083208;0.085805;1.000000;0.085805;0.023109;0.023109;0.004533;0.005129;0.187779;0.066370;0.254149;0.187779;0.066370;0.254149;0.016112;0.005522;0.021635
 All;  6; 19; 55.0000;185.0000;  1972;     0;     0; 15352; 17324;0.002777;0.000000;0.002777;0.113831;1.000000;0.113831;0.130873;1.000000;0.130873;0.031614;0.031614;0.004533;0.005129;0.187559;0.066370;0.253929;0.187559;0.066370;0.253929;0.024546;0.007555;0.032101
 All;  6; 20; 55.0000;195.0000;  1385;     0;     0; 15945; 17330;0.002777;0.000000;0.002777;0.079919;1.000000;0.079919;0.085977;1.000000;0.085977;0.022196;0.022196;0.004533;0.005129;0.191846;0.066370;0.258216;0.191846;0.066370;0.258216;0.016494;0.005304;0.021799
 All;  6; 21; 55.0000;205.0000;  2047;     0;     0; 15279; 17326;0.002777;0.000000;0.002777;0.118146;1.000000;0.118146;0.115431;1.000000;0.115431;0.032812;0.032812;0.004533;0.005129;0.203233;0.066370;0.269603;0.203233;0.066370;0.269603;0.023459;0.007841;0.031301
 All;  6; 22; 55.0000;215.0000;  3636;     0;     0; 13700; 17336;0.002777;0.000000;0.002777;0.209737;1.000000;0.209737;0.268775;1.000000;0.268775;0.058249;0.058249;0.004533;0.005129;0.234852;0.066370;0.301222;0.234852;0.066370;0.301222;0.063122;0.013920;0.077043
 All;  6; 23; 55.0000;225.0000;  6303;     0;     0; 11049; 17352;0.002777;0.000000;0.002777;0.363243;1.000000;0.363243;0.298731;1.000000;0.298731;0.100882;0.100882;0.004533;0.005129;0.318373;0.066370;0.384743;0.318373;0.066370;0.384743;0.095108;0.024108;0.119216
 All;  6; 24; 55.0000;235.0000; 15290;     0;     0;  2032; 17322;0.002777;0.000000;0.002777;0.882693;1.000000;0.882693;0.857159;1.000000;0.857159;0.245146;0.245146;0.004533;0.005129;0.269063;0.066370;0.335432;0.269063;0.066370;0.335432;0.230629;0.058584;0.289213
 All;  6; 25; 55.0000;245.0000; 17309;     0;     0;    26; 17335;0.002777;0.000000;0.002777;0.998500;1.000000;0.998500;0.993388;1.000000;0.993388;0.277308;0.277308;0.004533;0.005129;0.097377;0.066370;0.163746;0.097377;0.066370;0.163746;0.096733;0.066270;0.163003
 All;  6; 26; 55.0000;255.0000; 14325;     0;     0;  3005; 17330;0.002777;0.000000;0.002777;0.826601;1.000000;0.826601;1.000000;1.000000;1.000000;0.229568;0.229568;0.004533;0.005129;0.000000;0.066370;0.066370;0.000000;0.066370;0.066370;0.000000;0.054861;0.054861
 All;  6; 27; 55.0000;265.0000;  5575;     0;     0; 11755; 17330;0.002777;0.000000;0.002777;0.321696;1.000000;0.321696;1.000000;1.000000;1.000000;0.089343;0.089343;0.004533;0.005129;0.000000;0.066370;0.066370;0.000000;0.066370;0.066370;0.000000;0.021351;0.021351
 All;  6; 28; 55.0000;275.0000;  7951;     0;     0;  9373; 17324;0.002777;0.000000;0.002777;0.458959;1.000000;0.458959;1.000000;1.000000;1.000000;0.127464;0.127464;0.004533;0.005129;0.000000;0.066370;0.066370;0.000000;0.066370;0.066370;0.000000;0.030461;0.030461
 All;  6; 29; 55.0000;285.0000;  3087;     0;     0; 14243; 17330;0.002777;0.000000;0.002777;0.178130;1.000000;0.178130;1.000000;1.000000;1.000000;0.049471;0.049471;0.004533;0.005129;0.000000;0.066370;0.066370;0.000000;0.066370;0.066370;0.000000;0.011822;0.011822
 All;  6; 30; 55.0000;295.0000;  1305;     0;     0; 16021; 17326;0.002777;0.000000;0.002777;0.075320;1.000000;0.075320;1.000000;1.000000;1.000000;0.020918;0.020918;0.004533;0.005129;0.000000;0.066370;0.066370;0.000000;0.066370;0.066370;0.000000;0.004999;0.004999
 All;  6; 31; 55.0000;305.0000;   517;     0;     0; 16819; 17336;0.002777;0.000000;0.002777;0.029822;1.000000;0.029822;1.000000;1.000000;1.000000;0.008282;0.008282;0.004533;0.005129;0.000000;0.066370;0.066370;0.000000;0.066370;0.066370;0.000000;0.001979;0.001979
 All;  6; 32; 55.0000;315.0000;   829;     0;     0; 16523; 17352;0.002777;0.000000;0.002777;0.047775;1.000000;0.047775;1.000000;1.000000;1.000000;0.013268;0.013268;0.004533;0.005129;0.000000;0.066370;0.066370;0.000000;0.066370;0.066370;0.000000;0.003171;0.003171
 All;  6; 33; 55.0000;325.0000;   134;     0;     0; 17188; 17322;0.002777;0.000000;0.002777;0.007736;1.000000;0.007736;1.000000;1.000000;1.000000;0.002148;0.002148;0.004533;0.005129;0.000000;0.066370;0.066370;0.000000;0.066370;0.066370;0.000000;0.000513;0.000513
 All;  6; 34; 55.0000;335.0000;    50;     0;     0; 17285; 17335;0.002777;0.000000;0.002777;0.002884;1.000000;0.002884;1.000000;1.000000;1.000000;0.000801;0.000801;0.004533;0.005129;0.000000;0.066370;0.066370;0.000000;0.066370;0.066370;0.000000;0.000191;0.000191
 All;  6; 35; 55.0000;345.0000;   401;     0;     0; 16929; 17330;0.002777;0.000000;0.002777;0.023139;1.000000;0.023139;1.000000;1.000000;1.000000;0.006426;0.006426;0.004533;0.005129;0.000000;0.066370;0.066370;0.000000;0.066370;0.066370;0.000000;0.001536;0.001536
 All;  6; 36; 55.0000;355.0000;  1588;     0;     0; 15742; 17330;0.002777;0.000000;0.002777;0.091633;1.000000;0.091633;1.000000;1.000000;1.000000;0.025449;0.025449;0.004533;0.005129;0.000000;0.066370;0.066370;0.000000;0.066370;0.066370;0.000000;0.006082;0.006082
 All;  7;  1; 65.0000;  5.0000;  2778;     0;     0;  9602; 12380;0.002046;0.000000;0.002046;0.224394;1.000000;0.224394;1.000000;1.000000;1.000000;0.045918;0.045918;0.003695;0.004457;0.000000;0.054105;0.054105;0.000000;0.054105;0.054105;0.000000;0.012141;0.012141
 All;  7;  2; 65.0000; 15.0000;  3599;     0;     0;  8781; 12380;0.002046;0.000000;0.002046;0.290711;1.000000;0.290711;1.000000;1.000000;1.000000;0.059488;0.059488;0.003695;0.004457;0.000000;0.054105;0.054105;0.000000;0.054105;0.054105;0.000000;0.015729;0.015729
 All;  7;  3; 65.0000; 25.0000; 10200;     0;     0;  2183; 12383;0.002046;0.000000;0.002046;0.823710;1.000000;0.823710;1.000000;1.000000;1.000000;0.168557;0.168557;0.003695;0.004457;0.000000;0.054105;0.054105;0.000000;0.054105;0.054105;0.000000;0.044567;0.044567
 All;  7;  4; 65.0000; 35.0000; 12373;     0;     0;     7; 12380;0.002046;0.000000;0.002046;0.999435;1.000000;0.999435;1.000000;1.000000;1.000000;0.204515;0.204515;0.003695;0.004457;0.000000;0.054105;0.054105;0.000000;0.054105;0.054105;0.000000;0.054074;0.054074
 All;  7;  5; 65.0000; 45.0000; 12070;     0;     0;   296; 12366;0.002046;0.000000;0.002046;0.976063;1.000000;0.976063;1.000000;1.000000;1.000000;0.199733;0.199733;0.003695;0.004457;0.000000;0.054105;0.054105;0.000000;0.054105;0.054105;0.000000;0.052810;0.052810
 All;  7;  6; 65.0000; 55.0000; 10901;     0;     0;  1483; 12384;0.002046;0.000000;0.002046;0.880249;1.000000;0.880249;1.000000;1.000000;1.000000;0.180126;0.180126;0.003695;0.004457;0.000000;0.054105;0.054105;0.000000;0.054105;0.054105;0.000000;0.047626;0.047626
 All;  7;  7; 65.0000; 65.0000; 10327;     0;     0;  2051; 12378;0.002046;0.000000;0.002046;0.834303;1.000000;0.834303;1.000000;1.000000;1.000000;0.170724;0.170724;0.003695;0.004457;0.000000;0.054105;0.054105;0.000000;0.054105;0.054105;0.000000;0.045140;0.045140
 All;  7;  8; 65.0000; 75.0000; 12345;     0;     0;    37; 12382;0.002046;0.000000;0.002046;0.997012;1.000000;0.997012;1.000000;1.000000;1.000000;0.204020;0.204020;0.003695;0.004457;0.000000;0.054105;0.054105;0.000000;0.054105;0.054105;0.000000;0.053943;0.053943
 All;  7;  9; 65.0000; 85.0000;  8269;     0;     0;  4113; 12382;0.002046;0.000000;0.002046;0.667824;1.000000;0.667824;1.000000;1.000000;1.000000;0.136658;0.136658;0.003695;0.004457;0.000000;0.054105;0.054105;0.000000;0.054105;0.054105;0.000000;0.036133;0.036133
 All;  7; 10; 65.0000; 95.0000;  7214;     0;     0;  5166; 12380;0.002046;0.000000;0.002046;0.582714;1.000000;0.582714;1.000000;1.000000;1.000000;0.119241;0.119241;0.003695;0.004457;0.000000;0.054105;0.054105;0.000000;0.054105;0.054105;0.000000;0.031528;0.031528
 All;  7; 11; 65.0000;105.0000; 10062;     0;     0;  2318; 12380;0.002046;0.000000;0.002046;0.812763;1.000000;0.812763;1.000000;1.000000;1.000000;0.166317;0.166317;0.003695;0.004457;0.000000;0.054105;0.054105;0.000000;0.054105;0.054105;0.000000;0.043974;0.043974
 All;  7; 12; 65.0000;115.0000;  7622;     0;     0;  4761; 12383;0.002046;0.000000;0.002046;0.615521;1.000000;0.615521;1.000000;1.000000;1.000000;0.125955;0.125955;0.003695;0.004457;0.000000;0.054105;0.054105;0.000000;0.054105;0.054105;0.000000;0.033303;0.033303
 All;  7; 13; 65.0000;125.0000;  6930;     0;     0;  5450; 12380;0.002046;0.000000;0.002046;0.559774;1.000000;0.559774;1.000000;1.000000;1.000000;0.114547;0.114547;0.003695;0.004457;0.000000;0.054105;0.054105;0.000000;0.054105;0.054105;0.000000;0.030287;0.030287
 All;  7; 14; 65.0000;135.0000;  9061;     0;     0;  3305; 12366;0.002046;0.000000;0.002046;0.732735;1.000000;0.732735;0.114766;1.000000;0.114766;0.149940;0.149940;0.003695;0.004457;0.015637;0.054105;0.069742;0.015637;0.054105;0.069742;0.001795;0.039645;0.041439
 All;  7; 15; 65.0000;145.0000;  3692;     0;     0;  8692; 12384;0.002046;0.000000;0.002046;0.298127;1.000000;0.298127;0.075293;1.000000;0.075293;0.061006;0.061006;0.003695;0.004457;0.132518;0.054105;0.186623;0.132518;0.054105;0.186623;0.009978;0.016130;0.026108
 All;  7; 16; 65.0000;155.0000;  2632;     0;     0;  9746; 12378;0.002046;0.000000;0.002046;0.212635;1.000000;0.212635;0.197161;1.000000;0.197161;0.043512;0.043512;0.003695;0.004457;0.182422;0.054105;0.236527;0.182422;0.054105;0.236527;0.035967;0.011505;0.047471
 All;  7; 17; 65.0000;165.0000;  1849;     0;     0; 10533; 12382;0.002046;0.000000;0.002046;0.149330;1.000000;0.149330;0.173968;1.000000;0.173968;0.030558;0.030558;0.003695;0.004457;0.201641;0.054105;0.255746;0.201641;0.054105;0.255746;0.035079;0.008079;0.043159
 All;  7; 18; 65.0000;175.0000;  2643;     0;     0;  9739; 12382;0.002046;0.000000;0.002046;0.213455;1.000000;0.213455;0.223873;1.000000;0.223873;0.043680;0.043680;0.003695;0.004457;0.208721;0.054105;0.262826;0.208721;0.054105;0.262826;0.046727;0.011549;0.058276
 All;  7; 19; 65.0000;185.0000;  5456;     0;     0;  6924; 12380;0.002046;0.000000;0.002046;0.440711;1.000000;0.440711;0.347485;1.000000;0.347485;0.090183;0.090183;0.003695;0.004457;0.209546;0.054105;0.263651;0.209546;0.054105;0.263651;0.072814;0.023845;0.096659
 All;  7; 20; 65.0000;195.0000;  2411;     0;     0;  9969; 12380;0.002046;0.000000;0.002046;0.194750;1.000000;0.194750;0.090824;1.000000;0.090824;0.039852;0.039852;0.003695;0.004457;0.201923;0.054105;0.256028;0.201923;0.054105;0.256028;0.018339;0.010537;0.028876
 All;  7; 21; 65.0000;205.0000;  2630;     0;     0;  9753; 12383;0.002046;0.000000;0.002046;0.212388;1.000000;0.212388;0.057215;1.000000;0.057215;0.043461;0.043461;0.003695;0.004457;0.180841;0.054105;0.234946;0.180841;0.054105;0.234946;0.010347;0.011491;0.021838
 All;  7; 22; 65.0000;215.0000;  6656;     0;     0;  5724; 12380;0.002046;0.000000;0.002046;0.537641;1.000000;0.537641;0.346187;1.000000;0.346187;0.110018;0.110018;0.003695;0.004457;0.133827;0.054105;0.187932;0.133827;0.054105;0.187932;0.046329;0.029089;0.075418
 All;  7; 23; 65.0000;225.0000;  6182;     0;     0;  6184; 12366;0.002046;0.000000;0.002046;0.499919;1.000000;0.499919;0.000000;1.000000;0.000000;0.102299;0.102299;0.003695;0.004457;0.016398;0.054105;0.070503;0.016398;0.054105;0.070503;0.000000;0.027048;0.027048
 All;  7; 24; 65.0000;235.0000; 12201;     0;     0;   183; 12384;0.002046;0.000000;0.002046;0.985223;1.000000;0.985223;1.000000;1.000000;1.000000;0.201607;0.201607;0.003695;0.004457;0.000000;0.054105;0.054105;0.000000;0.054105;0.054105;0.000000;0.053305;0.053305
 All;  7; 25; 65.0000;245.0000; 12378;     0;     0;     0; 12378;0.002046;0.000000;0.002046;1.000000;1.000000;1.000000;1.000000;1.000000;1.000000;0.204631;0.204631;0.003695;0.004457;0.000000;0.054105;0.054105;0.000000;0.054105;0.054105;0.000000;0.054105;0.054105
 All;  7; 26; 65.0000;255.0000; 10952;     0;     0;  1430; 12382;0.002046;0.000000;0.002046;0.884510;1.000000;0.884510;1.000000;1.000000;1.000000;0.180998;0.180998;0.003695;0.004457;0.000000;0.054105;0.054105;0.000000;0.054105;0.054105;0.000000;0.047856;0.047856
 All;  7; 27; 65.0000;265.0000;  9024;     0;     0;  3358; 12382;0.002046;0.000000;0.002046;0.728800;1.000000;0.728800;1.000000;1.000000;1.000000;0.149135;0.149135;0.003695;0.004457;0.000000;0.054105;0.054105;0.000000;0.054105;0.054105;0.000000;0.039432;0.039432
 All;  7; 28; 65.0000;275.0000; 10512;     0;     0;  1868; 12380;0.002046;0.000000;0.002046;0.849111;1.000000;0.849111;1.000000;1.000000;1.000000;0.173755;0.173755;0.003695;0.004457;0.000000;0.054105;0.054105;0.000000;0.054105;0.054105;0.000000;0.045941;0.045941
 All;  7; 29; 65.0000;285.0000;  4195;     0;     0;  8185; 12380;0.002046;0.000000;0.002046;0.338853;1.000000;0.338853;1.000000;1.000000;1.000000;0.069340;0.069340;0.003695;0.004457;0.000000;0.054105;0.054105;0.000000;0.054105;0.054105;0.000000;0.018334;0.018334
 All;  7; 30; 65.0000;295.0000;   202;     0;     0; 12181; 12383;0.002046;0.000000;0.002046;0.016313;1.000000;0.016313;1.000000;1.000000;1.000000;0.003338;0.003338;0.003695;0.004457;0.000000;0.054105;0.054105;0.000000;0.054105;0.054105;0.000000;0.000883;0.000883
 All;  7; 31; 65.0000;305.0000;   244;     0;     0; 12136; 12380;0.002046;0.000000;0.002046;0.019709;1.000000;0.019709;1.000000;1.000000;1.000000;0.004033;0.004033;0.003695;0.004457;0.000000;0.054105;0.054105;0.000000;0.054105;0.054105;0.000000;0.001066;0.001066
 All;  7; 32; 65.0000;315.0000;  2009;     0;     0; 10357; 12366;0.002046;0.000000;0.002046;0.162462;1.000000;0.162462;1.000000;1.000000;1.000000;0.033245;0.033245;0.003695;0.004457;0.000000;0.054105;0.054105;0.000000;0.054105;0.054105;0.000000;0.008790;0.008790
 All;  7; 33; 65.0000;325.0000;   174;     0;     0; 12210; 12384;0.002046;0.000000;0.002046;0.014050;1.000000;0.014050;1.000000;1.000000;1.000000;0.002875;0.002875;0.003695;0.004457;0.000000;0.054105;0.054105;0.000000;0.054105;0.054105;0.000000;0.000760;0.000760
 All;  7; 34; 65.0000;335.0000;   400;     0;     0; 11978; 12378;0.002046;0.000000;0.002046;0.032315;1.000000;0.032315;1.000000;1.000000;1.000000;0.006613;0.006613;0.003695;0.004457;0.000000;0.054105;0.054105;0.000000;0.054105;0.054105;0.000000;0.001748;0.001748
 All;  7; 35; 65.0000;345.0000;  1358;     0;     0; 11024; 12382;0.002046;0.000000;0.002046;0.109675;1.000000;0.109675;1.000000;1.000000;1.000000;0.022443;0.022443;0.003695;0.004457;0.000000;0.054105;0.054105;0.000000;0.054105;0.054105;0.000000;0.005934;0.005934
 All;  7; 36; 65.0000;355.0000;  1756;     0;     0; 10626; 12382;0.002046;0.000000;0.002046;0.141819;1.000000;0.141819;1.000000;1.000000;1.000000;0.029021;0.029021;0.003695;0.004457;0.000000;0.054105;0.054105;0.000000;0.054105;0.054105;0.000000;0.007673;0.007673
 All;  8;  1; 75.0000;  5.0000;  7017;     0;     0;   411;  7428;0.001253;0.000000;0.001253;0.944669;1.000000;0.944669;1.000000;1.000000;1.000000;0.118386;0.118386;0.002412;0.003033;0.000000;0.035315;0.035315;0.000000;0.035315;0.035315;0.000000;0.033361;0.033361
 All;  8;  2; 75.0000; 15.0000;  7261;     0;     0;   167;  7428;0.001253;0.000000;0.001253;0.977518;1.000000;0.977518;1.000000;1.000000;1.000000;0.122502;0.122502;0.002412;0.003033;0.000000;0.035315;0.035315;0.000000;0.035315;0.035315;0.000000;0.034521;0.034521
 All;  8;  3; 75.0000; 25.0000;  7430;     0;     0;     0;  7430;0.001253;0.000000;0.001253;1.000000;1.000000;1.000000;1.000000;1.000000;1.000000;0.125320;0.125320;0.002412;0.003033;0.000000;0.035315;0.035315;0.000000;0.035315;0.035315;0.000000;0.035315;0.035315
 All;  8;  4; 75.0000; 35.0000;  7425;     0;     0;     0;  7425;0.001253;0.000000;0.001253;1.000000;1.000000;1.000000;1.000000;1.000000;1.000000;0.125320;0.125320;0.002412;0.003033;0.000000;0.035315;0.035315;0.000000;0.035315;0.035315;0.000000;0.035315;0.035315
 All;  8;  5; 75.0000; 45.0000;  7440;     0;     0;     0;  7440;0.001253;0.000000;0.001253;1.000000;1.000000;1.000000;1.000000;1.000000;1.000000;0.125320;0.125320;0.002412;0.003033;0.000000;0.035315;0.035315;0.000000;0.035315;0.035315;0.000000;0.035315;0.035315
 All;  8;  6; 75.0000; 55.0000;  7427;     0;     0;     0;  7427;0.001253;0.000000;0.001253;1.000000;1.000000;1.000000;1.000000;1.000000;1.000000;0.125320;0.125320;0.002412;0.003033;0.000000;0.035315;0.035315;0.000000;0.035315;0.035315;0.000000;0.035315;0.035315
 All;  8;  7; 75.0000; 65.0000;  7428;     0;     0;     0;  7428;0.001253;0.000000;0.001253;1.000000;1.000000;1.000000;1.000000;1.000000;1.000000;0.125320;0.125320;0.002412;0.003033;0.000000;0.035315;0.035315;0.000000;0.035315;0.035315;0.000000;0.035315;0.035315
 All;  8;  8; 75.0000; 75.0000;  7426;     0;     0;     0;  7426;0.001253;0.000000;0.001253;1.000000;1.000000;1.000000;1.000000;1.000000;1.000000;0.125320;0.125320;0.002412;0.003033;0.000000;0.035315;0.035315;0.000000;0.035315;0.035315;0.000000;0.035315;0.035315
 All;  8;  9; 75.0000; 85.0000;  7429;     0;     0;     0;  7429;0.001253;0.000000;0.001253;1.000000;1.000000;1.000000;1.000000;1.000000;1.000000;0.125320;0.125320;0.002412;0.003033;0.000000;0.035315;0.035315;0.000000;0.035315;0.035315;0.000000;0.035315;0.035315
 All;  8; 10; 75.0000; 95.0000;  7428;     0;     0;     0;  7428;0.001253;0.000000;0.001253;1.000000;1.000000;1.000000;1.000000;1.000000;1.000000;0.125320;0.125320;0.002412;0.003033;0.000000;0.035315;0.035315;0.000000;0.035315;0.035315;0.000000;0.035315;0.035315
 All;  8; 11; 75.0000;105.0000;  7428;     0;     0;     0;  7428;0.001253;0.000000;0.001253;1.000000;1.000000;1.000000;1.000000;1.000000;1.000000;0.125320;0.125320;0.002412;0.003033;0.000000;0.035315;0.035315;0.000000;0.035315;0.035315;0.000000;0.035315;0.035315
 All;  8; 12; 75.0000;115.0000;  7429;     0;     0;     1;  7430;0.001253;0.000000;0.001253;0.999865;1.000000;0.999865;1.000000;1.000000;1.000000;0.125303;0.125303;0.002412;0.003033;0.000000;0.035315;0.035315;0.000000;0.035315;0.035315;0.000000;0.035310;0.035310
 All;  8; 13; 75.0000;125.0000;  7405;     0;     0;    20;  7425;0.001253;0.000000;0.001253;0.997306;1.000000;0.997306;1.000000;1.000000;1.000000;0.124982;0.124982;0.002412;0.003033;0.000000;0.035315;0.035315;0.000000;0.035315;0.035315;0.000000;0.035219;0.035219
 All;  8; 14; 75.0000;135.0000;  7132;     0;     0;   308;  7440;0.001253;0.000000;0.001253;0.958602;1.000000;0.958602;1.000000;1.000000;1.000000;0.120132;0.120132;0.002412;0.003033;0.000000;0.035315;0.035315;0.000000;0.035315;0.035315;0.000000;0.033853;0.033853
 All;  8; 15; 75.0000;145.0000;  4190;     0;     0;  3237;  7427;0.001253;0.000000;0.001253;0.564158;1.000000;0.564158;1.000000;1.000000;1.000000;0.070700;0.070700;0.002412;0.003033;0.000000;0.035315;0.035315;0.000000;0.035315;0.035315;0.000000;0.019923;0.019923
 All;  8; 16; 75.0000;155.0000;  3982;     0;     0;  3446;  7428;0.001253;0.000000;0.001253;0.536080;1.000000;0.536080;1.000000;1.000000;1.000000;0.067181;0.067181;0.002412;0.003033;0.000000;0.035315;0.035315;0.000000;0.035315;0.035315;0.000000;0.018931;0.018931
 All;  8; 17; 75.0000;165.0000;  3574;     0;     0;  3852;  7426;0.001253;0.000000;0.001253;0.481282;1.000000;0.481282;1.000000;1.000000;1.000000;0.060314;0.060314;0.002412;0.003033;0.000000;0.035315;0.035315;0.000000;0.035315;0.035315;0.000000;0.016996;0.016996
 All;  8; 18; 75.0000;175.0000;  2184;     0;     0;  5245;  7429;0.001253;0.000000;0.001253;0.293983;1.000000;0.293983;1.000000;1.000000;1.000000;0.036842;0.036842;0.002412;0.003033;0.000000;0.035315;0.035315;0.000000;0.035315;0.035315;0.000000;0.010382;0.010382
 All;  8; 19; 75.0000;185.0000;  2839;     0;     0;  4589;  7428;0.001253;0.000000;0.001253;0.382202;1.000000;0.382202;1.000000;1.000000;1.000000;0.047898;0.047898;0.002412;0.003033;0.000000;0.035315;0.035315;0.000000;0.035315;0.035315;0.000000;0.013497;0.013497
 All;  8; 20; 75.0000;195.0000;  4866;     0;     0;  2562;  7428;0.001253;0.000000;0.001253;0.655089;1.000000;0.655089;1.000000;1.000000;1.000000;0.082096;0.082096;0.002412;0.003033;0.000000;0.035315;0.035315;0.000000;0.035315;0.035315;0.000000;0.023134;0.023134
 All;  8; 21; 75.0000;205.0000;  6476;     0;     0;   954;  7430;0.001253;0.000000;0.001253;0.871602;1.000000;0.871602;1.000000;1.000000;1.000000;0.109229;0.109229;0.002412;0.003033;0.000000;0.035315;0.035315;0.000000;0.035315;0.035315;0.000000;0.030780;0.030780
 All;  8; 22; 75.0000;215.0000;  6430;     0;     0;   995;  7425;0.001253;0.000000;0.001253;0.865993;1.000000;0.865993;1.000000;1.000000;1.000000;0.108526;0.108526;0.002412;0.003033;0.000000;0.035315;0.035315;0.000000;0.035315;0.035315;0.000000;0.030582;0.030582
 All;  8; 23; 75.0000;225.0000;  6966;     0;     0;   474;  7440;0.001253;0.000000;0.001253;0.936290;1.000000;0.936290;1.000000;1.000000;1.000000;0.117336;0.117336;0.002412;0.003033;0.000000;0.035315;0.035315;0.000000;0.035315;0.035315;0.000000;0.033065;0.033065
 All;  8; 24; 75.0000;235.0000;  6840;     0;     0;   587;  7427;0.001253;0.000000;0.001253;0.920964;1.000000;0.920964;1.000000;1.000000;1.000000;0.115415;0.115415;0.002412;0.003033;0.000000;0.035315;0.035315;0.000000;0.035315;0.035315;0.000000;0.032523;0.032523
 All;  8; 25; 75.0000;245.0000;  4647;     0;     0;  2781;  7428;0.001253;0.000000;0.001253;0.625606;1.000000;0.625606;1.000000;1.000000;1.000000;0.078401;0.078401;0.002412;0.003033;0.000000;0.035315;0.035315;0.000000;0.035315;0.035315;0.000000;0.022093;0.022093
 All;  8; 26; 75.0000;255.0000;  5820;     0;     0;  1606;  7426;0.001253;0.000000;0.001253;0.783733;1.000000;0.783733;1.000000;1.000000;1.000000;0.098217;0.098217;0.002412;0.003033;0.000000;0.035315;0.035315;0.000000;0.035315;0.035315;0.000000;0.027677;0.027677
 All;  8; 27; 75.0000;265.0000;  4603;     0;     0;  2826;  7429;0.001253;0.000000;0.001253;0.619599;1.000000;0.619599;1.000000;1.000000;1.000000;0.077648;0.077648;0.002412;0.003033;0.000000;0.035315;0.035315;0.000000;0.035315;0.035315;0.000000;0.021881;0.021881
 All;  8; 28; 75.0000;275.0000;  5666;     0;     0;  1762;  7428;0.001253;0.000000;0.001253;0.762789;1.000000;0.762789;1.000000;1.000000;1.000000;0.095593;0.095593;0.002412;0.003033;0.000000;0.035315;0.035315;0.000000;0.035315;0.035315;0.000000;0.026938;0.026938
 All;  8; 29; 75.0000;285.0000;  4551;     0;     0;  2877;  7428;0.001253;0.000000;0.001253;0.612682;1.000000;0.612682;1.000000;1.000000;1.000000;0.076781;0.076781;0.002412;0.003033;0.000000;0.035315;0.035315;0.000000;0.035315;0.035315;0.000000;0.021637;0.021637
 All;  8; 30; 75.0000;295.0000;  4179;     0;     0;  3251;  7430;0.001253;0.000000;0.001253;0.562450;1.000000;0.562450;1.000000;1.000000;1.000000;0.070486;0.070486;0.002412;0.003033;0.000000;0.035315;0.035315;0.000000;0.035315;0.035315;0.000000;0.019863;0.019863
 All;  8; 31; 75.0000;305.0000;  5167;     0;     0;  2258;  7425;0.001253;0.000000;0.001253;0.695892;1.000000;0.695892;1.000000;1.000000;1.000000;0.087209;0.087209;0.002412;0.003033;0.000000;0.035315;0.035315;0.000000;0.035315;0.035315;0.000000;0.024575;0.024575
 All;  8; 32; 75.0000;315.0000;  2476;     0;     0;  4964;  7440;0.001253;0.000000;0.001253;0.332796;1.000000;0.332796;1.000000;1.000000;1.000000;0.041706;0.041706;0.002412;0.003033;0.000000;0.035315;0.035315;0.000000;0.035315;0.035315;0.000000;0.011753;0.011753
 All;  8; 33; 75.0000;325.0000;  3637;     0;     0;  3790;  7427;0.001253;0.000000;0.001253;0.489700;1.000000;0.489700;1.000000;1.000000;1.000000;0.061369;0.061369;0.002412;0.003033;0.000000;0.035315;0.035315;0.000000;0.035315;0.035315;0.000000;0.017294;0.017294
 All;  8; 34; 75.0000;335.0000;  3828;     0;     0;  3600;  7428;0.001253;0.000000;0.001253;0.515347;1.000000;0.515347;1.000000;1.000000;1.000000;0.064583;0.064583;0.002412;0.003033;0.000000;0.035315;0.035315;0.000000;0.035315;0.035315;0.000000;0.018199;0.018199
 All;  8; 35; 75.0000;345.0000;  5364;     0;     0;  2062;  7426;0.001253;0.000000;0.001253;0.722327;1.000000;0.722327;1.000000;1.000000;1.000000;0.090522;0.090522;0.002412;0.003033;0.000000;0.035315;0.035315;0.000000;0.035315;0.035315;0.000000;0.025509;0.025509
 All;  8; 36; 75.0000;355.0000;  5777;     0;     0;  1652;  7429;0.001253;0.000000;0.001253;0.777628;1.000000;0.777628;1.000000;1.000000;1.000000;0.097452;0.097452;0.002412;0.003033;0.000000;0.035315;0.035315;0.000000;0.035315;0.035315;0.000000;0.027462;0.027462
 All;  9;  1; 85.0000;  5.0000;  2480;     0;     0;     0;  2480;0.000422;0.000000;0.000422;1.000000;1.000000;1.000000;1.000000;1.000000;1.000000;0.042201;0.042201;0.000838;0.001075;0.000000;0.012265;0.012265;0.000000;0.012265;0.012265;0.000000;0.012265;0.012265
 All;  9;  2; 85.0000; 15.0000;  2476;     0;     0;     0;  2476;0.000422;0.000000;0.000422;1.000000;1.000000;1.000000;1.000000;1.000000;1.000000;0.042201;0.042201;0.000838;0.001075;0.000000;0.012265;0.012265;0.000000;0.012265;0.012265;0.000000;0.012265;0.012265
 All;  9;  3; 85.0000; 25.0000;  2461;     0;     0;     0;  2461;0.000422;0.000000;0.000422;1.000000;1.000000;1.000000;1.000000;1.000000;1.000000;0.042201;0.042201;0.000838;0.001075;0.000000;0.012265;0.012265;0.000000;0.012265;0.012265;0.000000;0.012265;0.012265
 All;  9;  4; 85.0000; 35.0000;  2491;     0;     0;     0;  2491;0.000422;0.000000;0.000422;1.000000;1.000000;1.000000;1.000000;1.000000;1.000000;0.042201;0.042201;0.000838;0.001075;0.000000;0.012265;0.012265;0.000000;0.012265;0.012265;0.000000;0.012265;0.012265
 All;  9;  5; 85.0000; 45.0000;  2468;     0;     0;     0;  2468;0.000422;0.000000;0.000422;1.000000;1.000000;1.000000;1.000000;1.000000;1.000000;0.042201;0.042201;0.000838;0.001075;0.000000;0.012265;0.012265;0.000000;0.012265;0.012265;0.000000;0.012265;0.012265
 All;  9;  6; 85.0000; 55.0000;  2479;     0;     0;     0;  2479;0.000422;0.000000;0.000422;1.000000;1.000000;1.000000;1.000000;1.000000;1.000000;0.042201;0.042201;0.000838;0.001075;0.000000;0.012265;0.012265;0.000000;0.012265;0.012265;0.000000;0.012265;0.012265
 All;  9;  7; 85.0000; 65.0000;  2477;     0;     0;     0;  2477;0.000422;0.000000;0.000422;1.000000;1.000000;1.000000;1.000000;1.000000;1.000000;0.042201;0.042201;0.000838;0.001075;0.000000;0.012265;0.012265;0.000000;0.012265;0.012265;0.000000;0.012265;0.012265
 All;  9;  8; 85.0000; 75.0000;  2477;     0;     0;     0;  2477;0.000422;0.000000;0.000422;1.000000;1.000000;1.000000;1.000000;1.000000;1.000000;0.042201;0.042201;0.000838;0.001075;0.000000;0.012265;0.012265;0.000000;0.012265;0.012265;0.000000;0.012265;0.012265
 All;  9;  9; 85.0000; 85.0000;  2474;     0;     0;     0;  2474;0.000422;0.000000;0.000422;1.000000;1.000000;1.000000;1.000000;1.000000;1.000000;0.042201;0.042201;0.000838;0.001075;0.000000;0.012265;0.012265;0.000000;0.012265;0.012265;0.000000;0.012265;0.012265
 All;  9; 10; 85.0000; 95.0000;  2480;     0;     0;     0;  2480;0.000422;0.000000;0.000422;1.000000;1.000000;1.000000;1.000000;1.000000;1.000000;0.042201;0.042201;0.000838;0.001075;0.000000;0.012265;0.012265;0.000000;0.012265;0.012265;0.000000;0.012265;0.012265
 All;  9; 11; 85.0000;105.0000;  2476;     0;     0;     0;  2476;0.000422;0.000000;0.000422;1.000000;1.000000;1.000000;1.000000;1.000000;1.000000;0.042201;0.042201;0.000838;0.001075;0.000000;0.012265;0.012265;0.000000;0.012265;0.012265;0.000000;0.012265;0.012265
 All;  9; 12; 85.0000;115.0000;  2461;     0;     0;     0;  2461;0.000422;0.000000;0.000422;1.000000;1.000000;1.000000;1.000000;1.000000;1.000000;0.042201;0.042201;0.000838;0.001075;0.000000;0.012265;0.012265;0.000000;0.012265;0.012265;0.000000;0.012265;0.012265
 All;  9; 13; 85.0000;125.0000;  2491;     0;     0;     0;  2491;0.000422;0.000000;0.000422;1.000000;1.000000;1.000000;1.000000;1.000000;1.000000;0.042201;0.042201;0.000838;0.001075;0.000000;0.012265;0.012265;0.000000;0.012265;0.012265;0.000000;0.012265;0.012265
 All;  9; 14; 85.0000;135.0000;  2468;     0;     0;     0;  2468;0.000422;0.000000;0.000422;1.000000;1.000000;1.000000;1.000000;1.000000;1.000000;0.042201;0.042201;0.000838;0.001075;0.000000;0.012265;0.012265;0.000000;0.012265;0.012265;0.000000;0.012265;0.012265
 All;  9; 15; 85.0000;145.0000;  2479;     0;     0;     0;  2479;0.000422;0.000000;0.000422;1.000000;1.000000;1.000000;1.000000;1.000000;1.000000;0.042201;0.042201;0.000838;0.001075;0.000000;0.012265;0.012265;0.000000;0.012265;0.012265;0.000000;0.012265;0.012265
 All;  9; 16; 85.0000;155.0000;  2477;     0;     0;     0;  2477;0.000422;0.000000;0.000422;1.000000;1.000000;1.000000;1.000000;1.000000;1.000000;0.042201;0.042201;0.000838;0.001075;0.000000;0.012265;0.012265;0.000000;0.012265;0.012265;0.000000;0.012265;0.012265
 All;  9; 17; 85.0000;165.0000;  2477;     0;     0;     0;  2477;0.000422;0.000000;0.000422;1.000000;1.000000;1.000000;1.000000;1.000000;1.000000;0.042201;0.042201;0.000838;0.001075;0.000000;0.012265;0.012265;0.000000;0.012265;0.012265;0.000000;0.012265;0.012265
 All;  9; 18; 85.0000;175.0000;  2474;     0;     0;     0;  2474;0.000422;0.000000;0.000422;1.000000;1.000000;1.000000;1.000000;1.000000;1.000000;0.042201;0.042201;0.000838;0.001075;0.000000;0.012265;0.012265;0.000000;0.012265;0.012265;0.000000;0.012265;0.012265
 All;  9; 19; 85.0000;185.0000;  2480;     0;     0;     0;  2480;0.000422;0.000000;0.000422;1.000000;1.000000;1.000000;1.000000;1.000000;1.000000;0.042201;0.042201;0.000838;0.001075;0.000000;0.012265;0.012265;0.000000;0.012265;0.012265;0.000000;0.012265;0.012265
 All;  9; 20; 85.0000;195.0000;  2476;     0;     0;     0;  2476;0.000422;0.000000;0.000422;1.000000;1.000000;1.000000;1.000000;1.000000;1.000000;0.042201;0.042201;0.000838;0.001075;0.000000;0.012265;0.012265;0.000000;0.012265;0.012265;0.000000;0.012265;0.012265
 All;  9; 21; 85.0000;205.0000;  2461;     0;     0;     0;  2461;0.000422;0.000000;0.000422;1.000000;1.000000;1.000000;1.000000;1.000000;1.000000;0.042201;0.042201;0.000838;0.001075;0.000000;0.012265;0.012265;0.000000;0.012265;0.012265;0.000000;0.012265;0.012265
 All;  9; 22; 85.0000;215.0000;  2490;     0;     0;     1;  2491;0.000422;0.000000;0.000422;0.999599;1.000000;0.999599;1.000000;1.000000;1.000000;0.042184;0.042184;0.000838;0.001075;0.000000;0.012265;0.012265;0.000000;0.012265;0.012265;0.000000;0.012260;0.012260
 All;  9; 23; 85.0000;225.0000;  2468;     0;     0;     0;  2468;0.000422;0.000000;0.000422;1.000000;1.000000;1.000000;1.000000;1.000000;1.000000;0.042201;0.042201;0.000838;0.001075;0.000000;0.012265;0.012265;0.000000;0.012265;0.012265;0.000000;0.012265;0.012265
 All;  9; 24; 85.0000;235.0000;  2479;     0;     0;     0;  2479;0.000422;0.000000;0.000422;1.000000;1.000000;1.000000;1.000000;1.000000;1.000000;0.042201;0.042201;0.000838;0.001075;0.000000;0.012265;0.012265;0.000000;0.012265;0.012265;0.000000;0.012265;0.012265
 All;  9; 25; 85.0000;245.0000;  2468;     0;     0;     9;  2477;0.000422;0.000000;0.000422;0.996367;1.000000;0.996367;1.000000;1.000000;1.000000;0.042047;0.042047;0.000838;0.001075;0.000000;0.012265;0.012265;0.000000;0.012265;0.012265;0.000000;0.012220;0.012220
 All;  9; 26; 85.0000;255.0000;  2281;     0;     0;   196;  2477;0.000422;0.000000;0.000422;0.920872;1.000000;0.920872;1.000000;1.000000;1.000000;0.038861;0.038861;0.000838;0.001075;0.000000;0.012265;0.012265;0.000000;0.012265;0.012265;0.000000;0.011294;0.011294
 All;  9; 27; 85.0000;265.0000;  1981;     0;     0;   493;  2474;0.000422;0.000000;0.000422;0.800728;1.000000;0.800728;1.000000;1.000000;1.000000;0.033791;0.033791;0.000838;0.001075;0.000000;0.012265;0.012265;0.000000;0.012265;0.012265;0.000000;0.009821;0.009821
 All;  9; 28; 85.0000;275.0000;  1702;     0;     0;   778;  2480;0.000422;0.000000;0.000422;0.686290;1.000000;0.686290;1.000000;1.000000;1.000000;0.028962;0.028962;0.000838;0.001075;0.000000;0.012265;0.012265;0.000000;0.012265;0.012265;0.000000;0.008417;0.008417
 All;  9; 29; 85.0000;285.0000;  2094;     0;     0;   382;  2476;0.000422;0.000000;0.000422;0.845719;1.000000;0.845719;1.000000;1.000000;1.000000;0.035690;0.035690;0.000838;0.001075;0.000000;0.012265;0.012265;0.000000;0.012265;0.012265;0.000000;0.010372;0.010372
 All;  9; 30; 85.0000;295.0000;  2461;     0;     0;     0;  2461;0.000422;0.000000;0.000422;1.000000;1.000000;1.000000;1.000000;1.000000;1.000000;0.042201;0.042201;0.000838;0.001075;0.000000;0.012265;0.012265;0.000000;0.012265;0.012265;0.000000;0.012265;0.012265
 All;  9; 31; 85.0000;305.0000;  2491;     0;     0;     0;  2491;0.000422;0.000000;0.000422;1.000000;1.000000;1.000000;1.000000;1.000000;1.000000;0.042201;0.042201;0.000838;0.001075;0.000000;0.012265;0.012265;0.000000;0.012265;0.012265;0.000000;0.012265;0.012265
 All;  9; 32; 85.0000;315.0000;  2468;     0;     0;     0;  2468;0.000422;0.000000;0.000422;1.000000;1.000000;1.000000;1.000000;1.000000;1.000000;0.042201;0.042201;0.000838;0.001075;0.000000;0.012265;0.012265;0.000000;0.012265;0.012265;0.000000;0.012265;0.012265
 All;  9; 33; 85.0000;325.0000;  2479;     0;     0;     0;  2479;0.000422;0.000000;0.000422;1.000000;1.000000;1.000000;1.000000;1.000000;1.000000;0.042201;0.042201;0.000838;0.001075;0.000000;0.012265;0.012265;0.000000;0.012265;0.012265;0.000000;0.012265;0.012265
 All;  9; 34; 85.0000;335.0000;  2477;     0;     0;     0;  2477;0.000422;0.000000;0.000422;1.000000;1.000000;1.000000;1.000000;1.000000;1.000000;0.042201;0.042201;0.000838;0.001075;0.000000;0.012265;0.012265;0.000000;0.012265;0.012265;0.000000;0.012265;0.012265
 All;  9; 35; 85.0000;345.0000;  2477;     0;     0;     0;  2477;0.000422;0.000000;0.000422;1.000000;1.000000;1.000000;1.000000;1.000000;1.000000;0.042201;0.042201;0.000838;0.001075;0.000000;0.012265;0.012265;0.000000;0.012265;0.012265;0.000000;0.012265;0.012265
 All;  9; 36; 85.0000;355.0000;  2474;     0;     0;     0;  2474;0.000422;0.000000;0.000422;1.000000;1.000000;1.000000;1.000000;1.000000;1.000000;0.042201;0.042201;0.000838;0.001075;0.000000;0.012265;0.012265;0.000000;0.012265;0.012265;0.000000;0.012265;0.012265
