 Units of measure: Mols m-2 d-1
 Month;Alt;Azi;Altitude;Azimuth; SkySky;SkyTop;FolTop;FolSky;Total ;Sky   ;  Mask;    Total;   Gap Can; Gap Topo;Gap Both;Gap Can; Gap Topo;Gap Both;Canopy  ;Site    ;Id_UOC ; Id_SOC;  Above ;  Above  ; Above ;  Mask  ;  Mask   ; Mask ;   Trans ;  Trans  ; Trans
      ;Bin;Bin;        ;       ; Pixels;Pixels;Pixels;Pixels;Pixels;Area  ;  Area;    Area ;   Diffuse; Diffuse ;Diffuse ;Direct ; Direct  ;Direct  ;Openness;Openness;       ;       ;  Direct;  Diffuse; Total ;  Direct;  Diffuse; Total;   Direct;  Diffuse; Total
 All;  1;  1;  5.0000;  5.0000;    97;     0;   275; 54072; 54444;0.004799;0.000024;0.004824;0.001782;0.994949;0.001782;1.000000;1.000000;1.000000;0.000859;0.000859;0.000838;0.000422;0.000000;0.012265;0.012265;0.000000;0.012203;0.012203;0.000000;0.000022;0.000022
 All;  1;  2;  5.0000; 15.0000;  2466;    50;   276; 51650; 54442;0.004795;0.000029;0.004824;0.046214;0.994012;0.045296;1.000000;1.000000;1.000000;0.022292;0.021849;0.000838;0.000422;0.000000;0.012265;0.012265;0.000000;0.012191;0.012191;0.000000;0.000556;0.000556
 All;  1;  3;  5.0000; 25.0000;  3466;    49;   317; 50607; 54439;0.004791;0.000032;0.004824;0.064568;0.993277;0.063668;1.000000;1.000000;1.000000;0.031145;0.030710;0.000838;0.000422;0.000000;0.012265;0.012265;0.000000;0.012182;0.012182;0.000000;0.000781;0.000781
 All;  1;  4;  5.0000; 35.0000;  3285;     6;   442; 50708; 54441;0.004784;0.000040;0.004824;0.060451;0.991771;0.060341;1.000000;1.000000;1.000000;0.029159;0.029106;0.000838;0.000422;0.000000;0.012265;0.012265;0.000000;0.012164;0.012164;0.000000;0.000740;0.000740
 All;  1;  5;  5.0000; 45.0000;  3043;    36;   311; 51046; 54436;0.004793;0.000031;0.004824;0.056562;0.993626;0.055901;1.000000;1.000000;1.000000;0.027283;0.026964;0.000838;0.000422;0.000000;0.012265;0.012265;0.000000;0.012186;0.012186;0.000000;0.000686;0.000686
 All;  1;  6;  5.0000; 55.0000; 23929;   141;   188; 30178; 54436;0.004794;0.000029;0.004824;0.442171;0.993956;0.439580;0.991293;1.000000;0.991293;0.213284;0.212034;0.000838;0.000422;0.000033;0.012265;0.012297;0.000033;0.012190;0.012223;0.000032;0.005391;0.005424
 All;  1;  7;  5.0000; 65.0000; 13503;    47;   242; 40652; 54444;0.004798;0.000026;0.004824;0.248880;0.994692;0.248016;0.089499;1.000000;0.089499;0.120049;0.119632;0.000838;0.000422;0.003633;0.012265;0.015897;0.003633;0.012199;0.015832;0.000325;0.003042;0.003367
 All;  1;  8;  5.0000; 75.0000;   226;     5;   251; 53962; 54444;0.004801;0.000023;0.004824;0.004243;0.995298;0.004151;0.000213;1.000000;0.000213;0.002047;0.002002;0.000838;0.000422;0.002616;0.012265;0.014880;0.002616;0.012207;0.014823;0.000001;0.000051;0.000051
 All;  1;  9;  5.0000; 85.0000;  3373;     9;   344; 50735; 54461;0.004792;0.000031;0.004824;0.062099;0.993518;0.061934;0.092949;1.000000;0.092949;0.029954;0.029874;0.000838;0.000422;0.002079;0.012265;0.014343;0.002079;0.012185;0.014264;0.000193;0.000760;0.000953
 All;  1; 10;  5.0000; 95.0000;  7931;   139;   136; 46238; 54444;0.004799;0.000024;0.004824;0.148226;0.994949;0.145673;0.061799;1.000000;0.061799;0.071498;0.070266;0.000838;0.000422;0.001990;0.012265;0.014254;0.001990;0.012203;0.014192;0.000123;0.001787;0.001910
 All;  1; 11;  5.0000;105.0000;  5918;    34;   292; 48198; 54442;0.004795;0.000029;0.004824;0.109327;0.994012;0.108703;0.115193;1.000000;0.115193;0.052735;0.052433;0.000838;0.000422;0.002297;0.012265;0.014562;0.002297;0.012191;0.014488;0.000265;0.001333;0.001598
 All;  1; 12;  5.0000;115.0000;  7399;   100;   266; 46674; 54439;0.004791;0.000032;0.004824;0.137751;0.993277;0.135914;0.064398;1.000000;0.064398;0.066445;0.065559;0.000838;0.000422;0.002837;0.012265;0.015102;0.002837;0.012182;0.015019;0.000183;0.001667;0.001850
 All;  1; 13;  5.0000;125.0000; 17152;   431;    17; 36841; 54441;0.004784;0.000040;0.004824;0.322973;0.991771;0.315057;0.074628;1.000000;0.074628;0.155788;0.151969;0.000838;0.000422;0.004416;0.012265;0.016680;0.004416;0.012164;0.016579;0.000330;0.003864;0.004194
 All;  1; 14;  5.0000;135.0000; 45732;   344;     3;  8357; 54436;0.004793;0.000031;0.004824;0.846425;0.993626;0.840106;0.821580;1.000000;0.821580;0.408278;0.405230;0.000838;0.000422;0.010010;0.012265;0.022274;0.010010;0.012186;0.022196;0.008224;0.010304;0.018527
 All;  1; 15;  5.0000;145.0000; 54092;   329;     0;    15; 54436;0.004794;0.000029;0.004824;0.999724;0.993956;0.993681;1.000000;1.000000;1.000000;0.482223;0.479308;0.000838;0.000422;0.003178;0.012265;0.015443;0.003178;0.012190;0.015369;0.003178;0.012187;0.015365
 All;  1; 16;  5.0000;155.0000; 39808;   185;   104; 14347; 54444;0.004798;0.000026;0.004824;0.734571;0.994692;0.731173;1.000000;1.000000;1.000000;0.354325;0.352686;0.000838;0.000422;0.000000;0.012265;0.012265;0.000000;0.012199;0.012199;0.000000;0.008968;0.008968
 All;  1; 17;  5.0000;165.0000;  6938;   105;   151; 47250; 54444;0.004801;0.000023;0.004824;0.129362;0.995298;0.127434;1.000000;1.000000;1.000000;0.062399;0.061468;0.000838;0.000422;0.000000;0.012265;0.012265;0.000000;0.012207;0.012207;0.000000;0.001563;0.001563
 All;  1; 18;  5.0000;175.0000; 29809;   355;     0; 24297; 54461;0.004792;0.000031;0.004824;0.553864;0.993482;0.547346;1.000000;1.000000;1.000000;0.267160;0.264016;0.000838;0.000422;0.000000;0.012265;0.012265;0.000000;0.012185;0.012185;0.000000;0.006713;0.006713
 All;  1; 19;  5.0000;185.0000; 38513;   235;    41; 15655; 54444;0.004799;0.000024;0.004824;0.711704;0.994931;0.707387;1.000000;1.000000;1.000000;0.343295;0.341213;0.000838;0.000422;0.000000;0.012265;0.012265;0.000000;0.012202;0.012202;0.000000;0.008676;0.008676
 All;  1; 20;  5.0000;195.0000; 31391;   225;   106; 22720; 54442;0.004794;0.000029;0.004824;0.580728;0.993920;0.576595;1.000000;1.000000;1.000000;0.280118;0.278124;0.000838;0.000422;0.000000;0.012265;0.012265;0.000000;0.012190;0.012190;0.000000;0.007072;0.007072
 All;  1; 21;  5.0000;205.0000;  7177;    25;   344; 46893; 54439;0.004791;0.000033;0.004824;0.132295;0.993222;0.131836;1.000000;1.000000;1.000000;0.063813;0.063592;0.000838;0.000422;0.000000;0.012265;0.012265;0.000000;0.012181;0.012181;0.000000;0.001617;0.001617
 All;  1; 22;  5.0000;215.0000; 17927;   114;   339; 36061; 54441;0.004783;0.000040;0.004824;0.331386;0.991679;0.329292;0.728933;1.000000;0.728933;0.159846;0.158836;0.000838;0.000422;0.003195;0.012265;0.015460;0.003195;0.012163;0.015357;0.002329;0.004039;0.006368
 All;  1; 23;  5.0000;225.0000; 44566;   293;    54;  9523; 54436;0.004793;0.000031;0.004824;0.824069;0.993626;0.818686;0.863693;1.000000;0.863693;0.397494;0.394898;0.000838;0.000422;0.009988;0.012265;0.022253;0.009988;0.012186;0.022175;0.008627;0.010041;0.018668
 All;  1; 24;  5.0000;235.0000; 23538;   230;   100; 30568; 54436;0.004794;0.000029;0.004824;0.436623;0.993938;0.432398;0.416962;1.000000;0.416962;0.210608;0.208570;0.000838;0.000422;0.004409;0.012265;0.016674;0.004409;0.012190;0.016599;0.001838;0.005303;0.007142
 All;  1; 25;  5.0000;245.0000; 22542;   234;    61; 31607; 54444;0.004797;0.000026;0.004824;0.418338;0.994582;0.414040;0.270002;1.000000;0.270002;0.201788;0.199715;0.000838;0.000422;0.002844;0.012265;0.015109;0.002844;0.012198;0.015042;0.000768;0.005078;0.005846
 All;  1; 26;  5.0000;255.0000; 21785;   176;    81; 32402; 54444;0.004801;0.000023;0.004824;0.403369;0.995280;0.400136;0.333528;1.000000;0.333528;0.194567;0.193008;0.000838;0.000422;0.002250;0.012265;0.014515;0.002250;0.012207;0.014457;0.000750;0.004908;0.005658
 All;  1; 27;  5.0000;265.0000; 18281;     3;   353; 35824; 54461;0.004792;0.000032;0.004824;0.335726;0.993463;0.335671;0.690283;1.000000;0.690283;0.161940;0.161913;0.000838;0.000422;0.002048;0.012265;0.014313;0.002048;0.012184;0.014233;0.001414;0.004117;0.005531
 All;  1; 28;  5.0000;275.0000;  1492;     0;   276; 52676; 54444;0.004799;0.000024;0.004824;0.027404;0.994931;0.027404;0.005948;1.000000;0.005948;0.013219;0.013219;0.000838;0.000422;0.002070;0.012265;0.014335;0.002070;0.012202;0.014273;0.000012;0.000336;0.000348
 All;  1; 29;  5.0000;285.0000;   981;     0;   331; 53130; 54442;0.004794;0.000029;0.004824;0.018019;0.993920;0.018019;0.013065;1.000000;0.013065;0.008692;0.008692;0.000838;0.000422;0.002563;0.012265;0.014827;0.002563;0.012190;0.014753;0.000033;0.000221;0.000254
 All;  1; 30;  5.0000;295.0000;  1387;    57;   312; 52683; 54439;0.004791;0.000033;0.004824;0.026525;0.993222;0.025478;0.010978;1.000000;0.010978;0.012795;0.012289;0.000838;0.000422;0.003683;0.012265;0.015948;0.003683;0.012181;0.015865;0.000040;0.000312;0.000353
 All;  1; 31;  5.0000;305.0000;   677;     8;   445; 53311; 54441;0.004783;0.000040;0.004824;0.012582;0.991679;0.012435;0.000000;1.000000;0.000000;0.006069;0.005998;0.000838;0.000422;0.000032;0.012265;0.012296;0.000032;0.012163;0.012194;0.000000;0.000153;0.000153
 All;  1; 32;  5.0000;315.0000;  2273;     6;   341; 51816; 54436;0.004793;0.000031;0.004824;0.041866;0.993626;0.041755;1.000000;1.000000;1.000000;0.020194;0.020141;0.000838;0.000422;0.000000;0.012265;0.012265;0.000000;0.012186;0.012186;0.000000;0.000512;0.000512
 All;  1; 33;  5.0000;325.0000;   941;    19;   311; 53165; 54436;0.004794;0.000029;0.004824;0.017635;0.993938;0.017286;1.000000;1.000000;1.000000;0.008507;0.008338;0.000838;0.000422;0.000000;0.012265;0.012265;0.000000;0.012190;0.012190;0.000000;0.000212;0.000212
 All;  1; 34;  5.0000;335.0000;  3600;    14;   281; 50549; 54444;0.004797;0.000026;0.004824;0.066380;0.994582;0.066123;1.000000;1.000000;1.000000;0.032019;0.031895;0.000838;0.000422;0.000000;0.012265;0.012265;0.000000;0.012198;0.012198;0.000000;0.000811;0.000811
 All;  1; 35;  5.0000;345.0000;   904;     0;   257; 53283; 54444;0.004801;0.000023;0.004824;0.016604;0.995280;0.016604;1.000000;1.000000;1.000000;0.008009;0.008009;0.000838;0.000422;0.000000;0.012265;0.012265;0.000000;0.012207;0.012207;0.000000;0.000204;0.000204
 All;  1; 36;  5.0000;355.0000;    54;     0;   355; 54052; 54461;0.004792;0.000031;0.004824;0.000992;0.993482;0.000992;1.000000;1.000000;1.000000;0.000478;0.000478;0.000838;0.000422;0.000000;0.012265;0.012265;0.000000;0.012185;0.012185;0.000000;0.000012;0.000012
 All;  2;  1; 15.0000;  5.0000;    11;     0;     0; 48017; 48028;0.004677;0.000000;0.004677;0.000229;1.000000;0.000229;1.000000;1.000000;1.000000;0.000107;0.000107;0.002412;0.001570;0.000000;0.035315;0.035315;0.000000;0.035315;0.035315;0.000000;0.000008;0.000008
 All;  2;  2; 15.0000; 15.0000;  1588;     0;     0; 46433; 48021;0.004677;0.000000;0.004677;0.033069;1.000000;0.033069;1.000000;1.000000;1.000000;0.015466;0.015466;0.002412;0.001570;0.000000;0.035315;0.035315;0.000000;0.035315;0.035315;0.000000;0.001168;0.001168
 All;  2;  3; 15.0000; 25.0000;  1429;     0;     0; 46604; 48033;0.004677;0.000000;0.004677;0.029750;1.000000;0.029750;1.000000;1.000000;1.000000;0.013914;0.013914;0.002412;0.001570;0.000000;0.035315;0.035315;0.000000;0.035315;0.035315;0.000000;0.001051;0.001051
 All;  2;  4; 15.0000; 35.0000;  1221;     0;     0; 46810; 48031;0.004677;0.000000;0.004677;0.025421;1.000000;0.025421;1.000000;1.000000;1.000000;0.011889;0.011889;0.002412;0.001570;0.000000;0.035315;0.035315;0.000000;0.035315;0.035315;0.000000;0.000898;0.000898
 All;  2;  5; 15.0000; 45.0000;  1145;     0;     0; 46883; 48028;0.004677;0.000000;0.004677;0.023840;1.000000;0.023840;1.000000;1.000000;1.000000;0.011150;0.011150;0.002412;0.001570;0.000000;0.035315;0.035315;0.000000;0.035315;0.035315;0.000000;0.000842;0.000842
 All;  2;  6; 15.0000; 55.0000;  6977;     0;     0; 41062; 48039;0.004677;0.000000;0.004677;0.145236;1.000000;0.145236;1.000000;1.000000;1.000000;0.067927;0.067927;0.002412;0.001570;0.000000;0.035315;0.035315;0.000000;0.035315;0.035315;0.000000;0.005129;0.005129
 All;  2;  7; 15.0000; 65.0000;  2391;     0;     0; 45631; 48022;0.004677;0.000000;0.004677;0.049790;1.000000;0.049790;0.000000;1.000000;0.000000;0.023287;0.023287;0.002412;0.001570;0.005276;0.035315;0.040591;0.005276;0.035315;0.040591;0.000000;0.001758;0.001758
 All;  2;  8; 15.0000; 75.0000;   502;     0;     0; 47519; 48021;0.004677;0.000000;0.004677;0.010454;1.000000;0.010454;0.023400;1.000000;0.023400;0.004889;0.004889;0.002412;0.001570;0.054368;0.035315;0.089683;0.054368;0.035315;0.089683;0.001272;0.000369;0.001641
 All;  2;  9; 15.0000; 85.0000; 23083;     0;     0; 24926; 48009;0.004677;0.000000;0.004677;0.480806;1.000000;0.480806;0.381535;1.000000;0.381535;0.224873;0.224873;0.002412;0.001570;0.037325;0.035315;0.072640;0.037325;0.035315;0.072640;0.014241;0.016979;0.031220
 All;  2; 10; 15.0000; 95.0000;  6219;     0;     0; 41809; 48028;0.004677;0.000000;0.004677;0.129487;1.000000;0.129487;0.182982;1.000000;0.182982;0.060561;0.060561;0.002412;0.001570;0.031115;0.035315;0.066429;0.031115;0.035315;0.066429;0.005693;0.004573;0.010266
 All;  2; 11; 15.0000;105.0000;  7288;     0;     0; 40733; 48021;0.004677;0.000000;0.004677;0.151767;1.000000;0.151767;0.196630;1.000000;0.196630;0.070981;0.070981;0.002412;0.001570;0.031092;0.035315;0.066406;0.031092;0.035315;0.066406;0.006114;0.005360;0.011473
 All;  2; 12; 15.0000;115.0000;  4219;     0;     0; 43814; 48033;0.004677;0.000000;0.004677;0.087835;1.000000;0.087835;0.051250;1.000000;0.051250;0.041081;0.041081;0.002412;0.001570;0.033973;0.035315;0.069288;0.033973;0.035315;0.069288;0.001741;0.003102;0.004843
 All;  2; 13; 15.0000;125.0000;  4824;     0;     0; 43207; 48031;0.004677;0.000000;0.004677;0.100435;1.000000;0.100435;0.139763;1.000000;0.139763;0.046974;0.046974;0.002412;0.001570;0.041771;0.035315;0.077085;0.041771;0.035315;0.077085;0.005838;0.003547;0.009385
 All;  2; 14; 15.0000;135.0000; 34383;     0;     0; 13645; 48028;0.004677;0.000000;0.004677;0.715895;1.000000;0.715895;0.771807;1.000000;0.771807;0.334824;0.334824;0.002412;0.001570;0.058129;0.035315;0.093444;0.058129;0.035315;0.093444;0.044864;0.025281;0.070146
 All;  2; 15; 15.0000;145.0000; 31571;     0;     0; 16468; 48039;0.004677;0.000000;0.004677;0.657195;1.000000;0.657195;0.605166;1.000000;0.605166;0.307370;0.307370;0.002412;0.001570;0.101794;0.035315;0.137108;0.101794;0.035315;0.137108;0.061602;0.023209;0.084811
 All;  2; 16; 15.0000;155.0000; 21550;     0;     0; 26472; 48022;0.004677;0.000000;0.004677;0.448753;1.000000;0.448753;0.376109;1.000000;0.376109;0.209882;0.209882;0.002412;0.001570;0.122074;0.035315;0.157388;0.122074;0.035315;0.157388;0.045913;0.015847;0.061761
 All;  2; 17; 15.0000;165.0000;  3161;     0;     0; 44860; 48021;0.004677;0.000000;0.004677;0.065825;1.000000;0.065825;0.029116;1.000000;0.029116;0.030787;0.030787;0.002412;0.001570;0.113089;0.035315;0.148403;0.113089;0.035315;0.148403;0.003293;0.002325;0.005617
 All;  2; 18; 15.0000;175.0000; 10924;     0;     0; 37085; 48009;0.004677;0.000000;0.004677;0.227541;1.000000;0.227541;0.186917;1.000000;0.186917;0.106421;0.106421;0.002412;0.001570;0.096509;0.035315;0.131823;0.096509;0.035315;0.131823;0.018039;0.008035;0.026075
 All;  2; 19; 15.0000;185.0000; 28646;     0;     0; 19382; 48028;0.004677;0.000000;0.004677;0.596444;1.000000;0.596444;0.394349;1.000000;0.394349;0.278957;0.278957;0.002412;0.001570;0.097192;0.035315;0.132507;0.097192;0.035315;0.132507;0.038328;0.021063;0.059391
 All;  2; 20; 15.0000;195.0000;  7629;     0;     0; 40392; 48021;0.004677;0.000000;0.004677;0.158868;1.000000;0.158868;0.211787;1.000000;0.211787;0.074303;0.074303;0.002412;0.001570;0.112690;0.035315;0.148004;0.112690;0.035315;0.148004;0.023866;0.005610;0.029477
 All;  2; 21; 15.0000;205.0000;  8654;     0;     0; 39379; 48033;0.004677;0.000000;0.004677;0.180168;1.000000;0.180168;0.193468;1.000000;0.193468;0.084264;0.084264;0.002412;0.001570;0.122119;0.035315;0.157434;0.122119;0.035315;0.157434;0.023626;0.006363;0.029989
 All;  2; 22; 15.0000;215.0000;  7536;     0;     0; 40495; 48031;0.004677;0.000000;0.004677;0.156899;1.000000;0.156899;0.147845;1.000000;0.147845;0.073381;0.073381;0.002412;0.001570;0.101689;0.035315;0.137003;0.101689;0.035315;0.137003;0.015034;0.005541;0.020575
 All;  2; 23; 15.0000;225.0000; 22425;     0;     0; 25603; 48028;0.004677;0.000000;0.004677;0.466915;1.000000;0.466915;0.412636;1.000000;0.412636;0.218376;0.218376;0.002412;0.001570;0.058307;0.035315;0.093621;0.058307;0.035315;0.093621;0.024060;0.016489;0.040548
 All;  2; 24; 15.0000;235.0000; 14726;     0;     0; 33313; 48039;0.004677;0.000000;0.004677;0.306543;1.000000;0.306543;0.306499;1.000000;0.306499;0.143370;0.143370;0.002412;0.001570;0.041756;0.035315;0.077070;0.041756;0.035315;0.077070;0.012798;0.010825;0.023624
 All;  2; 25; 15.0000;245.0000; 16385;     0;     0; 31637; 48022;0.004677;0.000000;0.004677;0.341198;1.000000;0.341198;0.379692;1.000000;0.379692;0.159578;0.159578;0.002412;0.001570;0.033992;0.035315;0.069307;0.033992;0.035315;0.069307;0.012906;0.012049;0.024956
 All;  2; 26; 15.0000;255.0000; 29956;     0;     0; 18065; 48021;0.004677;0.000000;0.004677;0.623810;1.000000;0.623810;0.656132;1.000000;0.656132;0.291756;0.291756;0.002412;0.001570;0.030852;0.035315;0.066167;0.030852;0.035315;0.066167;0.020243;0.022030;0.042273
 All;  2; 27; 15.0000;265.0000; 20774;     0;     0; 27235; 48009;0.004677;0.000000;0.004677;0.432711;1.000000;0.432711;0.318700;1.000000;0.318700;0.202379;0.202379;0.002412;0.001570;0.030878;0.035315;0.066193;0.030878;0.035315;0.066193;0.009841;0.015281;0.025122
 All;  2; 28; 15.0000;275.0000;   128;     0;     0; 47900; 48028;0.004677;0.000000;0.004677;0.002665;1.000000;0.002665;0.007678;1.000000;0.007678;0.001246;0.001246;0.002412;0.001570;0.037390;0.035315;0.072705;0.037390;0.035315;0.072705;0.000287;0.000094;0.000381
 All;  2; 29; 15.0000;285.0000;   755;     0;     0; 47266; 48021;0.004677;0.000000;0.004677;0.015722;1.000000;0.015722;0.013584;1.000000;0.013584;0.007353;0.007353;0.002412;0.001570;0.054343;0.035315;0.089658;0.054343;0.035315;0.089658;0.000738;0.000555;0.001293
 All;  2; 30; 15.0000;295.0000;   386;     0;     0; 47647; 48033;0.004677;0.000000;0.004677;0.008036;1.000000;0.008036;0.000000;1.000000;0.000000;0.003759;0.003759;0.002412;0.001570;0.005237;0.035315;0.040552;0.005237;0.035315;0.040552;0.000000;0.000284;0.000284
 All;  2; 31; 15.0000;305.0000;   173;     0;     0; 47858; 48031;0.004677;0.000000;0.004677;0.003602;1.000000;0.003602;1.000000;1.000000;1.000000;0.001685;0.001685;0.002412;0.001570;0.000000;0.035315;0.035315;0.000000;0.035315;0.035315;0.000000;0.000127;0.000127
 All;  2; 32; 15.0000;315.0000;  2598;     0;     0; 45430; 48028;0.004677;0.000000;0.004677;0.054093;1.000000;0.054093;1.000000;1.000000;1.000000;0.025299;0.025299;0.002412;0.001570;0.000000;0.035315;0.035315;0.000000;0.035315;0.035315;0.000000;0.001910;0.001910
 All;  2; 33; 15.0000;325.0000;  1384;     0;     0; 46655; 48039;0.004677;0.000000;0.004677;0.028810;1.000000;0.028810;1.000000;1.000000;1.000000;0.013474;0.013474;0.002412;0.001570;0.000000;0.035315;0.035315;0.000000;0.035315;0.035315;0.000000;0.001017;0.001017
 All;  2; 34; 15.0000;335.0000;  3312;     0;     0; 44710; 48022;0.004677;0.000000;0.004677;0.068968;1.000000;0.068968;1.000000;1.000000;1.000000;0.032257;0.032257;0.002412;0.001570;0.000000;0.035315;0.035315;0.000000;0.035315;0.035315;0.000000;0.002436;0.002436
 All;  2; 35; 15.0000;345.0000;  2836;     0;     0; 45185; 48021;0.004677;0.000000;0.004677;0.059057;1.000000;0.059057;1.000000;1.000000;1.000000;0.027621;0.027621;0.002412;0.001570;0.000000;0.035315;0.035315;0.000000;0.035315;0.035315;0.000000;0.002086;0.002086
 All;  2; 36; 15.0000;355.0000;   626;     0;     0; 47383; 48009;0.004677;0.000000;0.004677;0.013039;1.000000;0.013039;1.000000;1.000000;1.000000;0.006098;0.006098;0.002412;0.001570;0.000000;0.035315;0.035315;0.000000;0.035315;0.035315;0.000000;0.000460;0.000460
 All;  3;  1; 25.0000;  5.0000;   549;     0;     0; 41074; 41623;0.004388;0.000000;0.004388;0.013190;1.000000;0.013190;1.000000;1.000000;1.000000;0.005788;0.005788;0.003695;0.002924;0.000000;0.054105;0.054105;0.000000;0.054105;0.054105;0.000000;0.000714;0.000714
 All;  3;  2; 25.0000; 15.0000;  9320;     0;     0; 32313; 41633;0.004388;0.000000;0.004388;0.223861;1.000000;0.223861;1.000000;1.000000;1.000000;0.098238;0.098238;0.003695;0.002924;0.000000;0.054105;0.054105;0.000000;0.054105;0.054105;0.000000;0.012112;0.012112
 All;  3;  3; 25.0000; 25.0000;  2795;     0;     0; 38829; 41624;0.004388;0.000000;0.004388;0.067149;1.000000;0.067149;1.000000;1.000000;1.000000;0.029467;0.029467;0.003695;0.002924;0.000000;0.054105;0.054105;0.000000;0.054105;0.054105;0.000000;0.003633;0.003633
 All;  3;  4; 25.0000; 35.0000; 23841;     0;     0; 17782; 41623;0.004388;0.000000;0.004388;0.572784;1.000000;0.572784;1.000000;1.000000;1.000000;0.251357;0.251357;0.003695;0.002924;0.000000;0.054105;0.054105;0.000000;0.054105;0.054105;0.000000;0.030990;0.030990
 All;  3;  5; 25.0000; 45.0000; 14706;     0;     0; 26926; 41632;0.004388;0.000000;0.004388;0.353238;1.000000;0.353238;1.000000;1.000000;1.000000;0.155012;0.155012;0.003695;0.002924;0.000000;0.054105;0.054105;0.000000;0.054105;0.054105;0.000000;0.019112;0.019112
 All;  3;  6; 25.0000; 55.0000;  6308;     0;     0; 35315; 41623;0.004388;0.000000;0.004388;0.151551;1.000000;0.151551;1.000000;1.000000;1.000000;0.066505;0.066505;0.003695;0.002924;0.000000;0.054105;0.054105;0.000000;0.054105;0.054105;0.000000;0.008200;0.008200
 All;  3;  7; 25.0000; 65.0000;  7867;     0;     0; 33761; 41628;0.004388;0.000000;0.004388;0.188983;1.000000;0.188983;1.000000;1.000000;1.000000;0.082932;0.082932;0.003695;0.002924;0.000000;0.054105;0.054105;0.000000;0.054105;0.054105;0.000000;0.010225;0.010225
 All;  3;  8; 25.0000; 75.0000;  2284;     0;     0; 39344; 41628;0.004388;0.000000;0.004388;0.054867;1.000000;0.054867;0.000000;1.000000;0.000000;0.024077;0.024077;0.003695;0.002924;0.016775;0.054105;0.070880;0.016775;0.054105;0.070880;0.000000;0.002969;0.002969
 All;  3;  9; 25.0000; 85.0000;  5163;     0;     0; 36480; 41643;0.004388;0.000000;0.004388;0.123982;1.000000;0.123982;0.132272;1.000000;0.132272;0.054408;0.054408;0.003695;0.002924;0.151082;0.054105;0.205187;0.151082;0.054105;0.205187;0.019984;0.006708;0.026692
 All;  3; 10; 25.0000; 95.0000; 31666;     0;     0;  9957; 41623;0.004388;0.000000;0.004388;0.760781;1.000000;0.760781;0.790528;1.000000;0.790528;0.333856;0.333856;0.003695;0.002924;0.104290;0.054105;0.158395;0.104290;0.054105;0.158395;0.082444;0.041162;0.123606
 All;  3; 11; 25.0000;105.0000; 14204;     0;     0; 27429; 41633;0.004388;0.000000;0.004388;0.341172;1.000000;0.341172;0.344198;1.000000;0.344198;0.149717;0.149717;0.003695;0.002924;0.087009;0.054105;0.141114;0.087009;0.054105;0.141114;0.029948;0.018459;0.048407
 All;  3; 12; 25.0000;115.0000;  3177;     0;     0; 38447; 41624;0.004388;0.000000;0.004388;0.076326;1.000000;0.076326;0.086790;1.000000;0.086790;0.033494;0.033494;0.003695;0.002924;0.084882;0.054105;0.138987;0.084882;0.054105;0.138987;0.007367;0.004130;0.011497
 All;  3; 13; 25.0000;125.0000;  3458;     0;     0; 38165; 41623;0.004388;0.000000;0.004388;0.083079;1.000000;0.083079;0.093469;1.000000;0.093469;0.036458;0.036458;0.003695;0.002924;0.089285;0.054105;0.143390;0.089285;0.054105;0.143390;0.008345;0.004495;0.012840
 All;  3; 14; 25.0000;135.0000; 10940;     0;     0; 30692; 41632;0.004388;0.000000;0.004388;0.262779;1.000000;0.262779;0.244539;1.000000;0.244539;0.115316;0.115316;0.003695;0.002924;0.101466;0.054105;0.155571;0.101466;0.054105;0.155571;0.024812;0.014218;0.039030
 All;  3; 15; 25.0000;145.0000;  2476;     0;     0; 39147; 41623;0.004388;0.000000;0.004388;0.059486;1.000000;0.059486;0.052339;1.000000;0.052339;0.026105;0.026105;0.003695;0.002924;0.119932;0.054105;0.174037;0.119932;0.054105;0.174037;0.006277;0.003219;0.009496
 All;  3; 16; 25.0000;155.0000;  1242;     0;     0; 40386; 41628;0.004388;0.000000;0.004388;0.029836;1.000000;0.029836;0.035060;1.000000;0.035060;0.013093;0.013093;0.003695;0.002924;0.147463;0.054105;0.201568;0.147463;0.054105;0.201568;0.005170;0.001614;0.006784
 All;  3; 17; 25.0000;165.0000;  1250;     0;     0; 40378; 41628;0.004388;0.000000;0.004388;0.030028;1.000000;0.030028;0.034077;1.000000;0.034077;0.013177;0.013177;0.003695;0.002924;0.178843;0.054105;0.232948;0.178843;0.054105;0.232948;0.006094;0.001625;0.007719
 All;  3; 18; 25.0000;175.0000;  9465;     0;     0; 32178; 41643;0.004388;0.000000;0.004388;0.227289;1.000000;0.227289;0.227767;1.000000;0.227767;0.099742;0.099742;0.003695;0.002924;0.203348;0.054105;0.257453;0.203348;0.054105;0.257453;0.046316;0.012297;0.058614
 All;  3; 19; 25.0000;185.0000;  4187;     0;     0; 37436; 41623;0.004388;0.000000;0.004388;0.100593;1.000000;0.100593;0.098425;1.000000;0.098425;0.044144;0.044144;0.003695;0.002924;0.203132;0.054105;0.257237;0.203132;0.054105;0.257237;0.019993;0.005443;0.025436
 All;  3; 20; 25.0000;195.0000; 20094;     0;     0; 21539; 41633;0.004388;0.000000;0.004388;0.482646;1.000000;0.482646;0.484440;1.000000;0.484440;0.211801;0.211801;0.003695;0.002924;0.179228;0.054105;0.233333;0.179228;0.054105;0.233333;0.086825;0.026114;0.112939
 All;  3; 21; 25.0000;205.0000; 24581;     0;     0; 17043; 41624;0.004388;0.000000;0.004388;0.590549;1.000000;0.590549;0.575867;1.000000;0.575867;0.259152;0.259152;0.003695;0.002924;0.147389;0.054105;0.201494;0.147389;0.054105;0.201494;0.084877;0.031952;0.116828
 All;  3; 22; 25.0000;215.0000; 25652;     0;     0; 15971; 41623;0.004388;0.000000;0.004388;0.616294;1.000000;0.616294;0.641243;1.000000;0.641243;0.270450;0.270450;0.003695;0.002924;0.119749;0.054105;0.173854;0.119749;0.054105;0.173854;0.076788;0.033345;0.110133
 All;  3; 23; 25.0000;225.0000;  9097;     0;     0; 32535; 41632;0.004388;0.000000;0.004388;0.218510;1.000000;0.218510;0.211554;1.000000;0.211554;0.095889;0.095889;0.003695;0.002924;0.102075;0.054105;0.156180;0.102075;0.054105;0.156180;0.021594;0.011822;0.033417
 All;  3; 24; 25.0000;235.0000; 10309;     0;     0; 31314; 41623;0.004388;0.000000;0.004388;0.247676;1.000000;0.247676;0.253047;1.000000;0.253047;0.108688;0.108688;0.003695;0.002924;0.089419;0.054105;0.143524;0.089419;0.054105;0.143524;0.022627;0.013400;0.036028
 All;  3; 25; 25.0000;245.0000;  5351;     0;     0; 36277; 41628;0.004388;0.000000;0.004388;0.128543;1.000000;0.128543;0.099182;1.000000;0.099182;0.056409;0.056409;0.003695;0.002924;0.084751;0.054105;0.138856;0.084751;0.054105;0.138856;0.008406;0.006955;0.015361
 All;  3; 26; 25.0000;255.0000;  9808;     0;     0; 31820; 41628;0.004388;0.000000;0.004388;0.235611;1.000000;0.235611;0.208031;1.000000;0.208031;0.103394;0.103394;0.003695;0.002924;0.086273;0.054105;0.140378;0.086273;0.054105;0.140378;0.017947;0.012748;0.030695
 All;  3; 27; 25.0000;265.0000;  5809;     0;     0; 35834; 41643;0.004388;0.000000;0.004388;0.139495;1.000000;0.139495;0.141525;1.000000;0.141525;0.061215;0.061215;0.003695;0.002924;0.105245;0.054105;0.159350;0.105245;0.054105;0.159350;0.014895;0.007547;0.022442
 All;  3; 28; 25.0000;275.0000;  1455;     0;     0; 40168; 41623;0.004388;0.000000;0.004388;0.034957;1.000000;0.034957;0.062873;1.000000;0.062873;0.015340;0.015340;0.003695;0.002924;0.150667;0.054105;0.204772;0.150667;0.054105;0.204772;0.009473;0.001891;0.011364
 All;  3; 29; 25.0000;285.0000;  1579;     0;     0; 40054; 41633;0.004388;0.000000;0.004388;0.037927;1.000000;0.037927;0.000000;1.000000;0.000000;0.016643;0.016643;0.003695;0.002924;0.016606;0.054105;0.070710;0.016606;0.054105;0.070710;0.000000;0.002052;0.002052
 All;  3; 30; 25.0000;295.0000;   100;     0;     0; 41524; 41624;0.004388;0.000000;0.004388;0.002402;1.000000;0.002402;1.000000;1.000000;1.000000;0.001054;0.001054;0.003695;0.002924;0.000000;0.054105;0.054105;0.000000;0.054105;0.054105;0.000000;0.000130;0.000130
 All;  3; 31; 25.0000;305.0000;   695;     0;     0; 40928; 41623;0.004388;0.000000;0.004388;0.016697;1.000000;0.016697;1.000000;1.000000;1.000000;0.007327;0.007327;0.003695;0.002924;0.000000;0.054105;0.054105;0.000000;0.054105;0.054105;0.000000;0.000903;0.000903
 All;  3; 32; 25.0000;315.0000;  2364;     0;     0; 39268; 41632;0.004388;0.000000;0.004388;0.056783;1.000000;0.056783;1.000000;1.000000;1.000000;0.024918;0.024918;0.003695;0.002924;0.000000;0.054105;0.054105;0.000000;0.054105;0.054105;0.000000;0.003072;0.003072
 All;  3; 33; 25.0000;325.0000;  1098;     0;     0; 40525; 41623;0.004388;0.000000;0.004388;0.026380;1.000000;0.026380;1.000000;1.000000;1.000000;0.011576;0.011576;0.003695;0.002924;0.000000;0.054105;0.054105;0.000000;0.054105;0.054105;0.000000;0.001427;0.001427
 All;  3; 34; 25.0000;335.0000;  1676;     0;     0; 39952; 41628;0.004388;0.000000;0.004388;0.040261;1.000000;0.040261;1.000000;1.000000;1.000000;0.017668;0.017668;0.003695;0.002924;0.000000;0.054105;0.054105;0.000000;0.054105;0.054105;0.000000;0.002178;0.002178
 All;  3; 35; 25.0000;345.0000;   807;     0;     0; 40821; 41628;0.004388;0.000000;0.004388;0.019386;1.000000;0.019386;1.000000;1.000000;1.000000;0.008507;0.008507;0.003695;0.002924;0.000000;0.054105;0.054105;0.000000;0.054105;0.054105;0.000000;0.001049;0.001049
 All;  3; 36; 25.0000;355.0000;    73;     0;     0; 41570; 41643;0.004388;0.000000;0.004388;0.001753;1.000000;0.001753;1.000000;1.000000;1.000000;0.000769;0.000769;0.003695;0.002924;0.000000;0.054105;0.054105;0.000000;0.054105;0.054105;0.000000;0.000095;0.000095
 All;  4;  1; 35.0000;  5.0000; 11210;     0;     0; 24015; 35225;0.003966;0.000000;0.003966;0.318240;1.000000;0.318240;1.000000;1.000000;1.000000;0.126224;0.126224;0.004533;0.004174;0.000000;0.066370;0.066370;0.000000;0.066370;0.066370;0.000000;0.021121;0.021121
 All;  4;  2; 35.0000; 15.0000; 28451;     0;     0;  6771; 35222;0.003966;0.000000;0.003966;0.807762;1.000000;0.807762;1.000000;1.000000;1.000000;0.320385;0.320385;0.004533;0.004174;0.000000;0.066370;0.066370;0.000000;0.066370;0.066370;0.000000;0.053611;0.053611
 All;  4;  3; 35.0000; 25.0000; 22428;     0;     0; 12796; 35224;0.003966;0.000000;0.003966;0.636725;1.000000;0.636725;1.000000;1.000000;1.000000;0.252546;0.252546;0.004533;0.004174;0.000000;0.066370;0.066370;0.000000;0.066370;0.066370;0.000000;0.042259;0.042259
 All;  4;  4; 35.0000; 35.0000; 17065;     0;     0; 18160; 35225;0.003966;0.000000;0.003966;0.484457;1.000000;0.484457;1.000000;1.000000;1.000000;0.192151;0.192151;0.004533;0.004174;0.000000;0.066370;0.066370;0.000000;0.066370;0.066370;0.000000;0.032153;0.032153
 All;  4;  5; 35.0000; 45.0000; 17188;     0;     0; 18037; 35225;0.003966;0.000000;0.003966;0.487949;1.000000;0.487949;1.000000;1.000000;1.000000;0.193536;0.193536;0.004533;0.004174;0.000000;0.066370;0.066370;0.000000;0.066370;0.066370;0.000000;0.032385;0.032385
 All;  4;  6; 35.0000; 55.0000;  9763;     0;     0; 25461; 35224;0.003966;0.000000;0.003966;0.277169;1.000000;0.277169;1.000000;1.000000;1.000000;0.109934;0.109934;0.004533;0.004174;0.000000;0.066370;0.066370;0.000000;0.066370;0.066370;0.000000;0.018396;0.018396
 All;  4;  7; 35.0000; 65.0000;  3762;     0;     0; 31464; 35226;0.003966;0.000000;0.003966;0.106796;1.000000;0.106796;1.000000;1.000000;1.000000;0.042359;0.042359;0.004533;0.004174;0.000000;0.066370;0.066370;0.000000;0.066370;0.066370;0.000000;0.007088;0.007088
 All;  4;  8; 35.0000; 75.0000;  3133;     0;     0; 32088; 35221;0.003966;0.000000;0.003966;0.088953;1.000000;0.088953;1.000000;1.000000;1.000000;0.035281;0.035281;0.004533;0.004174;0.000000;0.066370;0.066370;0.000000;0.066370;0.066370;0.000000;0.005904;0.005904
 All;  4;  9; 35.0000; 85.0000; 12654;     0;     0; 22558; 35212;0.003966;0.000000;0.003966;0.359366;1.000000;0.359366;0.264152;1.000000;0.264152;0.142536;0.142536;0.004533;0.004174;0.021971;0.066370;0.088341;0.021971;0.066370;0.088341;0.005804;0.023851;0.029655
 All;  4; 10; 35.0000; 95.0000; 14010;     0;     0; 21215; 35225;0.003966;0.000000;0.003966;0.397729;1.000000;0.397729;0.293646;1.000000;0.293646;0.157752;0.157752;0.004533;0.004174;0.239079;0.066370;0.305449;0.239079;0.066370;0.305449;0.070205;0.026397;0.096602
 All;  4; 11; 35.0000;105.0000;  5658;     0;     0; 29564; 35222;0.003966;0.000000;0.003966;0.160638;1.000000;0.160638;0.148132;1.000000;0.148132;0.063714;0.063714;0.004533;0.004174;0.180417;0.066370;0.246787;0.180417;0.066370;0.246787;0.026726;0.010661;0.037387
 All;  4; 12; 35.0000;115.0000;  1484;     0;     0; 33740; 35224;0.003966;0.000000;0.003966;0.042130;1.000000;0.042130;0.045773;1.000000;0.045773;0.016710;0.016710;0.004533;0.004174;0.142579;0.066370;0.208949;0.142579;0.066370;0.208949;0.006526;0.002796;0.009323
 All;  4; 13; 35.0000;125.0000;  4843;     0;     0; 30382; 35225;0.003966;0.000000;0.003966;0.137488;1.000000;0.137488;0.147644;1.000000;0.147644;0.054532;0.054532;0.004533;0.004174;0.134636;0.066370;0.201005;0.134636;0.066370;0.201005;0.019878;0.009125;0.029003
 All;  4; 14; 35.0000;135.0000;  4412;     0;     0; 30813; 35225;0.003966;0.000000;0.003966;0.125252;1.000000;0.125252;0.121280;1.000000;0.121280;0.049679;0.049679;0.004533;0.004174;0.135568;0.066370;0.201938;0.135568;0.066370;0.201938;0.016442;0.008313;0.024755
 All;  4; 15; 35.0000;145.0000;   463;     0;     0; 34761; 35224;0.003966;0.000000;0.003966;0.013144;1.000000;0.013144;0.013782;1.000000;0.013782;0.005214;0.005214;0.004533;0.004174;0.142222;0.066370;0.208592;0.142222;0.066370;0.208592;0.001960;0.000872;0.002832
 All;  4; 16; 35.0000;155.0000;   937;     0;     0; 34289; 35226;0.003966;0.000000;0.003966;0.026600;1.000000;0.026600;0.020851;1.000000;0.020851;0.010550;0.010550;0.004533;0.004174;0.150721;0.066370;0.217091;0.150721;0.066370;0.217091;0.003143;0.001765;0.004908
 All;  4; 17; 35.0000;165.0000;  1487;     0;     0; 33734; 35221;0.003966;0.000000;0.003966;0.042219;1.000000;0.042219;0.032054;1.000000;0.032054;0.016745;0.016745;0.004533;0.004174;0.159856;0.066370;0.226226;0.159856;0.066370;0.226226;0.005124;0.002802;0.007926
 All;  4; 18; 35.0000;175.0000;  3829;     0;     0; 31383; 35212;0.003966;0.000000;0.003966;0.108741;1.000000;0.108741;0.112929;1.000000;0.112929;0.043130;0.043130;0.004533;0.004174;0.165471;0.066370;0.231840;0.165471;0.066370;0.231840;0.018686;0.007217;0.025904
 All;  4; 19; 35.0000;185.0000; 18253;     0;     0; 16972; 35225;0.003966;0.000000;0.003966;0.518183;1.000000;0.518183;0.519615;1.000000;0.519615;0.205528;0.205528;0.004533;0.004174;0.167472;0.066370;0.233841;0.167472;0.066370;0.233841;0.087021;0.034392;0.121412
 All;  4; 20; 35.0000;195.0000; 17153;     0;     0; 18069; 35222;0.003966;0.000000;0.003966;0.486997;1.000000;0.486997;0.488034;1.000000;0.488034;0.193159;0.193159;0.004533;0.004174;0.159109;0.066370;0.225479;0.159109;0.066370;0.225479;0.077651;0.032322;0.109972
 All;  4; 21; 35.0000;205.0000;  5501;     0;     0; 29723; 35224;0.003966;0.000000;0.003966;0.156172;1.000000;0.156172;0.161624;1.000000;0.161624;0.061943;0.061943;0.004533;0.004174;0.149951;0.066370;0.216321;0.149951;0.066370;0.216321;0.024236;0.010365;0.034601
 All;  4; 22; 35.0000;215.0000; 13750;     0;     0; 21475; 35225;0.003966;0.000000;0.003966;0.390348;1.000000;0.390348;0.396181;1.000000;0.396181;0.154825;0.154825;0.004533;0.004174;0.141835;0.066370;0.208205;0.141835;0.066370;0.208205;0.056192;0.025907;0.082100
 All;  4; 23; 35.0000;225.0000; 10561;     0;     0; 24664; 35225;0.003966;0.000000;0.003966;0.299815;1.000000;0.299815;0.343438;1.000000;0.343438;0.118916;0.118916;0.004533;0.004174;0.135618;0.066370;0.201988;0.135618;0.066370;0.201988;0.046576;0.019899;0.066475
 All;  4; 24; 35.0000;235.0000; 14839;     0;     0; 20385; 35224;0.003966;0.000000;0.003966;0.421275;1.000000;0.421275;0.402821;1.000000;0.402821;0.167091;0.167091;0.004533;0.004174;0.133652;0.066370;0.200022;0.133652;0.066370;0.200022;0.053838;0.027960;0.081798
 All;  4; 25; 35.0000;245.0000;  2985;     0;     0; 32241; 35226;0.003966;0.000000;0.003966;0.084739;1.000000;0.084739;0.090769;1.000000;0.090769;0.033610;0.033610;0.004533;0.004174;0.142569;0.066370;0.208939;0.142569;0.066370;0.208939;0.012941;0.005624;0.018565
 All;  4; 26; 35.0000;255.0000;  6195;     0;     0; 29026; 35221;0.003966;0.000000;0.003966;0.175889;1.000000;0.175889;0.177990;1.000000;0.177990;0.069763;0.069763;0.004533;0.004174;0.180845;0.066370;0.247215;0.180845;0.066370;0.247215;0.032189;0.011674;0.043862
 All;  4; 27; 35.0000;265.0000; 10872;     0;     0; 24340; 35212;0.003966;0.000000;0.003966;0.308758;1.000000;0.308758;0.371613;1.000000;0.371613;0.122464;0.122464;0.004533;0.004174;0.238333;0.066370;0.304702;0.238333;0.066370;0.304702;0.088568;0.020492;0.109060
 All;  4; 28; 35.0000;275.0000;  2116;     0;     0; 33109; 35225;0.003966;0.000000;0.003966;0.060071;1.000000;0.060071;0.174955;1.000000;0.174955;0.023826;0.023826;0.004533;0.004174;0.022383;0.066370;0.088753;0.022383;0.066370;0.088753;0.003916;0.003987;0.007903
 All;  4; 29; 35.0000;285.0000;  2306;     0;     0; 32916; 35222;0.003966;0.000000;0.003966;0.065470;1.000000;0.065470;1.000000;1.000000;1.000000;0.025968;0.025968;0.004533;0.004174;0.000000;0.066370;0.066370;0.000000;0.066370;0.066370;0.000000;0.004345;0.004345
 All;  4; 30; 35.0000;295.0000;    16;     0;     0; 35208; 35224;0.003966;0.000000;0.003966;0.000454;1.000000;0.000454;1.000000;1.000000;1.000000;0.000180;0.000180;0.004533;0.004174;0.000000;0.066370;0.066370;0.000000;0.066370;0.066370;0.000000;0.000030;0.000030
 All;  4; 31; 35.0000;305.0000;   294;     0;     0; 34931; 35225;0.003966;0.000000;0.003966;0.008346;1.000000;0.008346;1.000000;1.000000;1.000000;0.003310;0.003310;0.004533;0.004174;0.000000;0.066370;0.066370;0.000000;0.066370;0.066370;0.000000;0.000554;0.000554
 All;  4; 32; 35.0000;315.0000;  2529;     0;     0; 32696; 35225;0.003966;0.000000;0.003966;0.071796;1.000000;0.071796;1.000000;1.000000;1.000000;0.028476;0.028476;0.004533;0.004174;0.000000;0.066370;0.066370;0.000000;0.066370;0.066370;0.000000;0.004765;0.004765
 All;  4; 33; 35.0000;325.0000;   198;     0;     0; 35026; 35224;0.003966;0.000000;0.003966;0.005621;1.000000;0.005621;1.000000;1.000000;1.000000;0.002230;0.002230;0.004533;0.004174;0.000000;0.066370;0.066370;0.000000;0.066370;0.066370;0.000000;0.000373;0.000373
 All;  4; 34; 35.0000;335.0000;  1694;     0;     0; 33532; 35226;0.003966;0.000000;0.003966;0.048089;1.000000;0.048089;1.000000;1.000000;1.000000;0.019074;0.019074;0.004533;0.004174;0.000000;0.066370;0.066370;0.000000;0.066370;0.066370;0.000000;0.003192;0.003192
 All;  4; 35; 35.0000;345.0000;  1103;     0;     0; 34118; 35221;0.003966;0.000000;0.003966;0.031317;1.000000;0.031317;1.000000;1.000000;1.000000;0.012421;0.012421;0.004533;0.004174;0.000000;0.066370;0.066370;0.000000;0.066370;0.066370;0.000000;0.002078;0.002078
 All;  4; 36; 35.0000;355.0000;    25;     0;     0; 35187; 35212;0.003966;0.000000;0.003966;0.000710;1.000000;0.000710;1.000000;1.000000;1.000000;0.000282;0.000282;0.004533;0.004174;0.000000;0.066370;0.066370;0.000000;0.066370;0.066370;0.000000;0.000047;0.000047
 All;  5;  1; 45.0000;  5.0000; 23171;     0;     0;  5650; 28821;0.003424;0.000000;0.003424;0.803962;1.000000;0.803962;1.000000;1.000000;1.000000;0.275261;0.275261;0.004824;0.004994;0.000000;0.070629;0.070629;0.000000;0.070629;0.070629;0.000000;0.056783;0.056783
 All;  5;  2; 45.0000; 15.0000; 11282;     0;     0; 17538; 28820;0.003424;0.000000;0.003424;0.391464;1.000000;0.391464;1.000000;1.000000;1.000000;0.134030;0.134030;0.004824;0.004994;0.000000;0.070629;0.070629;0.000000;0.070629;0.070629;0.000000;0.027649;0.027649
 All;  5;  3; 45.0000; 25.0000;  9028;     0;     0; 19794; 28822;0.003424;0.000000;0.003424;0.313233;1.000000;0.313233;1.000000;1.000000;1.000000;0.107245;0.107245;0.004824;0.004994;0.000000;0.070629;0.070629;0.000000;0.070629;0.070629;0.000000;0.022123;0.022123
 All;  5;  4; 45.0000; 35.0000;  8176;     0;     0; 20642; 28818;0.003424;0.000000;0.003424;0.283712;1.000000;0.283712;1.000000;1.000000;1.000000;0.097137;0.097137;0.004824;0.004994;0.000000;0.070629;0.070629;0.000000;0.070629;0.070629;0.000000;0.020038;0.020038
 All;  5;  5; 45.0000; 45.0000;  2770;     0;     0; 26051; 28821;0.003424;0.000000;0.003424;0.096110;1.000000;0.096110;1.000000;1.000000;1.000000;0.032906;0.032906;0.004824;0.004994;0.000000;0.070629;0.070629;0.000000;0.070629;0.070629;0.000000;0.006788;0.006788
 All;  5;  6; 45.0000; 55.0000;  5323;     0;     0; 23502; 28825;0.003424;0.000000;0.003424;0.184666;1.000000;0.184666;1.000000;1.000000;1.000000;0.063226;0.063226;0.004824;0.004994;0.000000;0.070629;0.070629;0.000000;0.070629;0.070629;0.000000;0.013043;0.013043
 All;  5;  7; 45.0000; 65.0000;  8965;     0;     0; 19851; 28816;0.003424;0.000000;0.003424;0.311112;1.000000;0.311112;1.000000;1.000000;1.000000;0.106519;0.106519;0.004824;0.004994;0.000000;0.070629;0.070629;0.000000;0.070629;0.070629;0.000000;0.021974;0.021974
 All;  5;  8; 45.0000; 75.0000;  5439;     0;     0; 23383; 28822;0.003424;0.000000;0.003424;0.188710;1.000000;0.188710;1.000000;1.000000;1.000000;0.064611;0.064611;0.004824;0.004994;0.000000;0.070629;0.070629;0.000000;0.070629;0.070629;0.000000;0.013328;0.013328
 All;  5;  9; 45.0000; 85.0000;  3099;     0;     0; 25731; 28830;0.003424;0.000000;0.003424;0.107492;1.000000;0.107492;1.000000;1.000000;1.000000;0.036803;0.036803;0.004824;0.004994;0.000000;0.070629;0.070629;0.000000;0.070629;0.070629;0.000000;0.007592;0.007592
 All;  5; 10; 45.0000; 95.0000; 11233;     0;     0; 17588; 28821;0.003424;0.000000;0.003424;0.389751;1.000000;0.389751;0.694463;1.000000;0.694463;0.133443;0.133443;0.004824;0.004994;0.005804;0.070629;0.076433;0.005804;0.070629;0.076433;0.004031;0.027528;0.031558
 All;  5; 11; 45.0000;105.0000; 12614;     0;     0; 16206; 28820;0.003424;0.000000;0.003424;0.437682;1.000000;0.437682;0.295266;1.000000;0.295266;0.149854;0.149854;0.004824;0.004994;0.236492;0.070629;0.307121;0.236492;0.070629;0.307121;0.069828;0.030913;0.100741
 All;  5; 12; 45.0000;115.0000; 26166;     0;     0;  2656; 28822;0.003424;0.000000;0.003424;0.907848;1.000000;0.907848;0.935370;1.000000;0.935370;0.310829;0.310829;0.004824;0.004994;0.289443;0.070629;0.360072;0.289443;0.070629;0.360072;0.270736;0.064120;0.334857
 All;  5; 13; 45.0000;125.0000; 27487;     0;     0;  1331; 28818;0.003424;0.000000;0.003424;0.953814;1.000000;0.953814;0.969973;1.000000;0.969973;0.326567;0.326567;0.004824;0.004994;0.195334;0.070629;0.265963;0.195334;0.070629;0.265963;0.189468;0.067367;0.256835
 All;  5; 14; 45.0000;135.0000; 12132;     0;     0; 16689; 28821;0.003424;0.000000;0.003424;0.420943;1.000000;0.420943;0.477491;1.000000;0.477491;0.144123;0.144123;0.004824;0.004994;0.172784;0.070629;0.243413;0.172784;0.070629;0.243413;0.082503;0.029731;0.112233
 All;  5; 15; 45.0000;145.0000;   652;     0;     0; 28173; 28825;0.003424;0.000000;0.003424;0.022619;1.000000;0.022619;0.023593;1.000000;0.023593;0.007744;0.007744;0.004824;0.004994;0.165174;0.070629;0.235803;0.165174;0.070629;0.235803;0.003897;0.001598;0.005494
 All;  5; 16; 45.0000;155.0000;   933;     0;     0; 27883; 28816;0.003424;0.000000;0.003424;0.032378;1.000000;0.032378;0.034484;1.000000;0.034484;0.011086;0.011086;0.004824;0.004994;0.164291;0.070629;0.234920;0.164291;0.070629;0.234920;0.005665;0.002287;0.007952
 All;  5; 17; 45.0000;165.0000;  1281;     0;     0; 27541; 28822;0.003424;0.000000;0.003424;0.044445;1.000000;0.044445;0.045295;1.000000;0.045295;0.015217;0.015217;0.004824;0.004994;0.164302;0.070629;0.234931;0.164302;0.070629;0.234931;0.007442;0.003139;0.010581
 All;  5; 18; 45.0000;175.0000;   369;     0;     0; 28461; 28830;0.003424;0.000000;0.003424;0.012799;1.000000;0.012799;0.014050;1.000000;0.014050;0.004382;0.004382;0.004824;0.004994;0.165357;0.070629;0.235986;0.165357;0.070629;0.235986;0.002323;0.000904;0.003227
 All;  5; 19; 45.0000;185.0000;   691;     0;     0; 28130; 28821;0.003424;0.000000;0.003424;0.023976;1.000000;0.023976;0.021430;1.000000;0.021430;0.008209;0.008209;0.004824;0.004994;0.164328;0.070629;0.234957;0.164328;0.070629;0.234957;0.003522;0.001693;0.005215
 All;  5; 20; 45.0000;195.0000;   570;     0;     0; 28250; 28820;0.003424;0.000000;0.003424;0.019778;1.000000;0.019778;0.018961;1.000000;0.018961;0.006772;0.006772;0.004824;0.004994;0.165362;0.070629;0.235991;0.165362;0.070629;0.235991;0.003135;0.001397;0.004532
 All;  5; 21; 45.0000;205.0000;  3569;     0;     0; 25253; 28822;0.003424;0.000000;0.003424;0.123829;1.000000;0.123829;0.124384;1.000000;0.124384;0.042397;0.042397;0.004824;0.004994;0.163805;0.070629;0.234434;0.163805;0.070629;0.234434;0.020375;0.008746;0.029121
 All;  5; 22; 45.0000;215.0000; 14555;     0;     0; 14263; 28818;0.003424;0.000000;0.003424;0.505066;1.000000;0.505066;0.476113;1.000000;0.476113;0.172925;0.172925;0.004824;0.004994;0.166182;0.070629;0.236811;0.166182;0.070629;0.236811;0.079121;0.035672;0.114794
 All;  5; 23; 45.0000;225.0000; 19373;     0;     0;  9448; 28821;0.003424;0.000000;0.003424;0.672183;1.000000;0.672183;0.624359;1.000000;0.624359;0.230142;0.230142;0.004824;0.004994;0.172975;0.070629;0.243604;0.172975;0.070629;0.243604;0.107999;0.047476;0.155474
 All;  5; 24; 45.0000;235.0000; 22044;     0;     0;  6781; 28825;0.003424;0.000000;0.003424;0.764753;1.000000;0.764753;0.767329;1.000000;0.767329;0.261836;0.261836;0.004824;0.004994;0.196347;0.070629;0.266976;0.196347;0.070629;0.266976;0.150663;0.054014;0.204676
 All;  5; 25; 45.0000;245.0000;  3316;     0;     0; 25500; 28816;0.003424;0.000000;0.003424;0.115075;1.000000;0.115075;0.097737;1.000000;0.097737;0.039399;0.039399;0.004824;0.004994;0.290204;0.070629;0.360833;0.290204;0.070629;0.360833;0.028364;0.008128;0.036491
 All;  5; 26; 45.0000;255.0000;  2604;     0;     0; 26218; 28822;0.003424;0.000000;0.003424;0.090348;1.000000;0.090348;0.110186;1.000000;0.110186;0.030933;0.030933;0.004824;0.004994;0.235912;0.070629;0.306541;0.235912;0.070629;0.306541;0.025994;0.006381;0.032375
 All;  5; 27; 45.0000;265.0000;  6669;     0;     0; 22161; 28830;0.003424;0.000000;0.003424;0.231322;1.000000;0.231322;0.825776;1.000000;0.825776;0.079200;0.079200;0.004824;0.004994;0.006439;0.070629;0.077068;0.006439;0.070629;0.077068;0.005317;0.016338;0.021655
 All;  5; 28; 45.0000;275.0000;   321;     0;     0; 28500; 28821;0.003424;0.000000;0.003424;0.011138;1.000000;0.011138;1.000000;1.000000;1.000000;0.003813;0.003813;0.004824;0.004994;0.000000;0.070629;0.070629;0.000000;0.070629;0.070629;0.000000;0.000787;0.000787
 All;  5; 29; 45.0000;285.0000;  1186;     0;     0; 27634; 28820;0.003424;0.000000;0.003424;0.041152;1.000000;0.041152;1.000000;1.000000;1.000000;0.014090;0.014090;0.004824;0.004994;0.000000;0.070629;0.070629;0.000000;0.070629;0.070629;0.000000;0.002907;0.002907
 All;  5; 30; 45.0000;295.0000;    71;     0;     0; 28751; 28822;0.003424;0.000000;0.003424;0.002463;1.000000;0.002463;1.000000;1.000000;1.000000;0.000843;0.000843;0.004824;0.004994;0.000000;0.070629;0.070629;0.000000;0.070629;0.070629;0.000000;0.000174;0.000174
 All;  5; 31; 45.0000;305.0000;  1518;     0;     0; 27300; 28818;0.003424;0.000000;0.003424;0.052675;1.000000;0.052675;1.000000;1.000000;1.000000;0.018035;0.018035;0.004824;0.004994;0.000000;0.070629;0.070629;0.000000;0.070629;0.070629;0.000000;0.003720;0.003720
 All;  5; 32; 45.0000;315.0000;   281;     0;     0; 28540; 28821;0.003424;0.000000;0.003424;0.009750;1.000000;0.009750;1.000000;1.000000;1.000000;0.003338;0.003338;0.004824;0.004994;0.000000;0.070629;0.070629;0.000000;0.070629;0.070629;0.000000;0.000689;0.000689
 All;  5; 33; 45.0000;325.0000;  1075;     0;     0; 27750; 28825;0.003424;0.000000;0.003424;0.037294;1.000000;0.037294;1.000000;1.000000;1.000000;0.012769;0.012769;0.004824;0.004994;0.000000;0.070629;0.070629;0.000000;0.070629;0.070629;0.000000;0.002634;0.002634
 All;  5; 34; 45.0000;335.0000;   845;     0;     0; 27971; 28816;0.003424;0.000000;0.003424;0.029324;1.000000;0.029324;1.000000;1.000000;1.000000;0.010040;0.010040;0.004824;0.004994;0.000000;0.070629;0.070629;0.000000;0.070629;0.070629;0.000000;0.002071;0.002071
 All;  5; 35; 45.0000;345.0000;   859;     0;     0; 27963; 28822;0.003424;0.000000;0.003424;0.029804;1.000000;0.029804;1.000000;1.000000;1.000000;0.010204;0.010204;0.004824;0.004994;0.000000;0.070629;0.070629;0.000000;0.070629;0.070629;0.000000;0.002105;0.002105
 All;  5; 36; 45.0000;355.0000;  2134;     0;     0; 26696; 28830;0.003424;0.000000;0.003424;0.074020;1.000000;0.074020;1.000000;1.000000;1.000000;0.025343;0.025343;0.004824;0.004994;0.000000;0.070629;0.070629;0.000000;0.070629;0.070629;0.000000;0.005228;0.005228
 All;  6;  1; 55.0000;  5.0000; 13980;     0;     0;  8432; 22412;0.002777;0.000000;0.002777;0.623773;1.000000;0.623773;1.000000;1.000000;1.000000;0.173237;0.173237;0.004533;0.005129;0.000000;0.066370;0.066370;0.000000;0.066370;0.066370;0.000000;0.041400;0.041400
 All;  6;  2; 55.0000; 15.0000; 14426;     0;     0;  7986; 22412;0.002777;0.000000;0.002777;0.643673;1.000000;0.643673;1.000000;1.000000;1.000000;0.178764;0.178764;0.004533;0.005129;0.000000;0.066370;0.066370;0.000000;0.066370;0.066370;0.000000;0.042720;0.042720
 All;  6;  3; 55.0000; 25.0000; 15148;     0;     0;  7263; 22411;0.002777;0.000000;0.002777;0.675918;1.000000;0.675918;1.000000;1.000000;1.000000;0.187719;0.187719;0.004533;0.005129;0.000000;0.066370;0.066370;0.000000;0.066370;0.066370;0.000000;0.044860;0.044860
 All;  6;  4; 55.0000; 35.0000;  3483;     0;     0; 18933; 22416;0.002777;0.000000;0.002777;0.155380;1.000000;0.155380;1.000000;1.000000;1.000000;0.043153;0.043153;0.004533;0.005129;0.000000;0.066370;0.066370;0.000000;0.066370;0.066370;0.000000;0.010313;0.010313
 All;  6;  5; 55.0000; 45.0000;   873;     0;     0; 21542; 22415;0.002777;0.000000;0.002777;0.038947;1.000000;0.038947;1.000000;1.000000;1.000000;0.010817;0.010817;0.004533;0.005129;0.000000;0.066370;0.066370;0.000000;0.066370;0.066370;0.000000;0.002585;0.002585
 All;  6;  6; 55.0000; 55.0000;  6512;     0;     0; 15900; 22412;0.002777;0.000000;0.002777;0.290559;1.000000;0.290559;1.000000;1.000000;1.000000;0.080695;0.080695;0.004533;0.005129;0.000000;0.066370;0.066370;0.000000;0.066370;0.066370;0.000000;0.019284;0.019284
 All;  6;  7; 55.0000; 65.0000; 19177;     0;     0;  3236; 22413;0.002777;0.000000;0.002777;0.855620;1.000000;0.855620;1.000000;1.000000;1.000000;0.237627;0.237627;0.004533;0.005129;0.000000;0.066370;0.066370;0.000000;0.066370;0.066370;0.000000;0.056787;0.056787
 All;  6;  8; 55.0000; 75.0000;  9850;     0;     0; 12561; 22411;0.002777;0.000000;0.002777;0.439516;1.000000;0.439516;1.000000;1.000000;1.000000;0.122065;0.122065;0.004533;0.005129;0.000000;0.066370;0.066370;0.000000;0.066370;0.066370;0.000000;0.029171;0.029171
 All;  6;  9; 55.0000; 85.0000;  1407;     0;     0; 20999; 22406;0.002777;0.000000;0.002777;0.062796;1.000000;0.062796;1.000000;1.000000;1.000000;0.017440;0.017440;0.004533;0.005129;0.000000;0.066370;0.066370;0.000000;0.066370;0.066370;0.000000;0.004168;0.004168
 All;  6; 10; 55.0000; 95.0000; 11184;     0;     0; 11228; 22412;0.002777;0.000000;0.002777;0.499018;1.000000;0.499018;1.000000;1.000000;1.000000;0.138590;0.138590;0.004533;0.005129;0.000000;0.066370;0.066370;0.000000;0.066370;0.066370;0.000000;0.033120;0.033120
 All;  6; 11; 55.0000;105.0000; 22326;     0;     0;    86; 22412;0.002777;0.000000;0.002777;0.996163;1.000000;0.996163;1.000000;1.000000;1.000000;0.276659;0.276659;0.004533;0.005129;0.000000;0.066370;0.066370;0.000000;0.066370;0.066370;0.000000;0.066115;0.066115
 All;  6; 12; 55.0000;115.0000; 22411;     0;     0;     0; 22411;0.002777;0.000000;0.002777;1.000000;1.000000;1.000000;1.000000;1.000000;1.000000;0.277725;0.277725;0.004533;0.005129;0.096674;0.066370;0.163043;0.096674;0.066370;0.163043;0.096674;0.066370;0.163043
 All;  6; 13; 55.0000;125.0000; 22416;     0;     0;     0; 22416;0.002777;0.000000;0.002777;1.000000;1.000000;1.000000;1.000000;1.000000;1.000000;0.277725;0.277725;0.004533;0.005129;0.271359;0.066370;0.337728;0.271359;0.066370;0.337728;0.271359;0.066370;0.337728
 All;  6; 14; 55.0000;135.0000; 19662;     0;     0;  2753; 22415;0.002777;0.000000;0.002777;0.877180;1.000000;0.877180;0.879443;1.000000;0.879443;0.243615;0.243615;0.004533;0.005129;0.319127;0.066370;0.385497;0.319127;0.066370;0.385497;0.280654;0.058218;0.338872
 All;  6; 15; 55.0000;145.0000;  2576;     0;     0; 19836; 22412;0.002777;0.000000;0.002777;0.114938;1.000000;0.114938;0.116381;1.000000;0.116381;0.031921;0.031921;0.004533;0.005129;0.233428;0.066370;0.299798;0.233428;0.066370;0.299798;0.027167;0.007628;0.034795
 All;  6; 16; 55.0000;155.0000;  2368;     0;     0; 20045; 22413;0.002777;0.000000;0.002777;0.105653;1.000000;0.105653;0.088339;1.000000;0.088339;0.029342;0.029342;0.004533;0.005129;0.203652;0.066370;0.270021;0.203652;0.066370;0.270021;0.017990;0.007012;0.025003
 All;  6; 17; 55.0000;165.0000;   157;     0;     0; 22254; 22411;0.002777;0.000000;0.002777;0.007005;1.000000;0.007005;0.005369;1.000000;0.005369;0.001946;0.001946;0.004533;0.005129;0.191840;0.066370;0.258210;0.191840;0.066370;0.258210;0.001030;0.000465;0.001495
 All;  6; 18; 55.0000;175.0000;  2839;     0;     0; 19567; 22406;0.002777;0.000000;0.002777;0.126707;1.000000;0.126707;0.114684;1.000000;0.114684;0.035190;0.035190;0.004533;0.005129;0.187779;0.066370;0.254149;0.187779;0.066370;0.254149;0.021535;0.008409;0.029945
 All;  6; 19; 55.0000;185.0000;  2073;     0;     0; 20339; 22412;0.002777;0.000000;0.002777;0.092495;1.000000;0.092495;0.092899;1.000000;0.092899;0.025688;0.025688;0.004533;0.005129;0.187559;0.066370;0.253929;0.187559;0.066370;0.253929;0.017424;0.006139;0.023563
 All;  6; 20; 55.0000;195.0000;   132;     0;     0; 22280; 22412;0.002777;0.000000;0.002777;0.005890;1.000000;0.005890;0.008665;1.000000;0.008665;0.001636;0.001636;0.004533;0.005129;0.191846;0.066370;0.258216;0.191846;0.066370;0.258216;0.001662;0.000391;0.002053
 All;  6; 21; 55.0000;205.0000;  1717;     0;     0; 20694; 22411;0.002777;0.000000;0.002777;0.076614;1.000000;0.076614;0.075334;1.000000;0.075334;0.021278;0.021278;0.004533;0.005129;0.203233;0.066370;0.269603;0.203233;0.066370;0.269603;0.015310;0.005085;0.020395
 All;  6; 22; 55.0000;215.0000;  1316;     0;     0; 21100; 22416;0.002777;0.000000;0.002777;0.058708;1.000000;0.058708;0.060630;1.000000;0.060630;0.016305;0.016305;0.004533;0.005129;0.234852;0.066370;0.301222;0.234852;0.066370;0.301222;0.014239;0.003896;0.018135
 All;  6; 23; 55.0000;225.0000;   242;     0;     0; 22173; 22415;0.002777;0.000000;0.002777;0.010796;1.000000;0.010796;0.011203;1.000000;0.011203;0.002998;0.002998;0.004533;0.005129;0.318373;0.066370;0.384743;0.318373;0.066370;0.384743;0.003567;0.000717;0.004283
 All;  6; 24; 55.0000;235.0000;   981;     0;     0; 21431; 22412;0.002777;0.000000;0.002777;0.043771;1.000000;0.043771;0.038676;1.000000;0.038676;0.012156;0.012156;0.004533;0.005129;0.269063;0.066370;0.335432;0.269063;0.066370;0.335432;0.010406;0.002905;0.013311
 All;  6; 25; 55.0000;245.0000;   534;     0;     0; 21879; 22413;0.002777;0.000000;0.002777;0.023825;1.000000;0.023825;0.031423;1.000000;0.031423;0.006617;0.006617;0.004533;0.005129;0.097377;0.066370;0.163746;0.097377;0.066370;0.163746;0.003060;0.001581;0.004641
 All;  6; 26; 55.0000;255.0000;   224;     0;     0; 22187; 22411;0.002777;0.000000;0.002777;0.009995;1.000000;0.009995;1.000000;1.000000;1.000000;0.002776;0.002776;0.004533;0.005129;0.000000;0.066370;0.066370;0.000000;0.066370;0.066370;0.000000;0.000663;0.000663
 All;  6; 27; 55.0000;265.0000;   661;     0;     0; 21745; 22406;0.002777;0.000000;0.002777;0.029501;1.000000;0.029501;1.000000;1.000000;1.000000;0.008193;0.008193;0.004533;0.005129;0.000000;0.066370;0.066370;0.000000;0.066370;0.066370;0.000000;0.001958;0.001958
 All;  6; 28; 55.0000;275.0000;   252;     0;     0; 22160; 22412;0.002777;0.000000;0.002777;0.011244;1.000000;0.011244;1.000000;1.000000;1.000000;0.003123;0.003123;0.004533;0.005129;0.000000;0.066370;0.066370;0.000000;0.066370;0.066370;0.000000;0.000746;0.000746
 All;  6; 29; 55.0000;285.0000;   329;     0;     0; 22083; 22412;0.002777;0.000000;0.002777;0.014680;1.000000;0.014680;1.000000;1.000000;1.000000;0.004077;0.004077;0.004533;0.005129;0.000000;0.066370;0.066370;0.000000;0.066370;0.066370;0.000000;0.000974;0.000974
 All;  6; 30; 55.0000;295.0000;    26;     0;     0; 22385; 22411;0.002777;0.000000;0.002777;0.001160;1.000000;0.001160;1.000000;1.000000;1.000000;0.000322;0.000322;0.004533;0.005129;0.000000;0.066370;0.066370;0.000000;0.066370;0.066370;0.000000;0.000077;0.000077
 All;  6; 31; 55.0000;305.0000;   673;     0;     0; 21743; 22416;0.002777;0.000000;0.002777;0.030023;1.000000;0.030023;1.000000;1.000000;1.000000;0.008338;0.008338;0.004533;0.005129;0.000000;0.066370;0.066370;0.000000;0.066370;0.066370;0.000000;0.001993;0.001993
 All;  6; 32; 55.0000;315.0000;   584;     0;     0; 21831; 22415;0.002777;0.000000;0.002777;0.026054;1.000000;0.026054;1.000000;1.000000;1.000000;0.007236;0.007236;0.004533;0.005129;0.000000;0.066370;0.066370;0.000000;0.066370;0.066370;0.000000;0.001729;0.001729
 All;  6; 33; 55.0000;325.0000;   458;     0;     0; 21954; 22412;0.002777;0.000000;0.002777;0.020435;1.000000;0.020435;1.000000;1.000000;1.000000;0.005675;0.005675;0.004533;0.005129;0.000000;0.066370;0.066370;0.000000;0.066370;0.066370;0.000000;0.001356;0.001356
 All;  6; 34; 55.0000;335.0000;   397;     0;     0; 22016; 22413;0.002777;0.000000;0.002777;0.017713;1.000000;0.017713;1.000000;1.000000;1.000000;0.004919;0.004919;0.004533;0.005129;0.000000;0.066370;0.066370;0.000000;0.066370;0.066370;0.000000;0.001176;0.001176
 All;  6; 35; 55.0000;345.0000;  3386;     0;     0; 19025; 22411;0.002777;0.000000;0.002777;0.151087;1.000000;0.151087;1.000000;1.000000;1.000000;0.041960;0.041960;0.004533;0.005129;0.000000;0.066370;0.066370;0.000000;0.066370;0.066370;0.000000;0.010028;0.010028
 All;  6; 36; 55.0000;355.0000;  7863;     0;     0; 14543; 22406;0.002777;0.000000;0.002777;0.350933;1.000000;0.350933;1.000000;1.000000;1.000000;0.097463;0.097463;0.004533;0.005129;0.000000;0.066370;0.066370;0.000000;0.066370;0.066370;0.000000;0.023291;0.023291
 All;  7;  1; 65.0000;  5.0000; 15840;     0;     0;   171; 16011;0.002046;0.000000;0.002046;0.989320;1.000000;0.989320;1.000000;1.000000;1.000000;0.202446;0.202446;0.003695;0.004457;0.000000;0.054105;0.054105;0.000000;0.054105;0.054105;0.000000;0.053527;0.053527
 All;  7;  2; 65.0000; 15.0000; 15892;     0;     0;   121; 16013;0.002046;0.000000;0.002046;0.992444;1.000000;0.992444;1.000000;1.000000;1.000000;0.203085;0.203085;0.003695;0.004457;0.000000;0.054105;0.054105;0.000000;0.054105;0.054105;0.000000;0.053696;0.053696
 All;  7;  3; 65.0000; 25.0000; 15371;     0;     0;   641; 16012;0.002046;0.000000;0.002046;0.959968;1.000000;0.959968;1.000000;1.000000;1.000000;0.196439;0.196439;0.003695;0.004457;0.000000;0.054105;0.054105;0.000000;0.054105;0.054105;0.000000;0.051939;0.051939
 All;  7;  4; 65.0000; 35.0000; 10307;     0;     0;  5704; 16011;0.002046;0.000000;0.002046;0.643745;1.000000;0.643745;1.000000;1.000000;1.000000;0.131730;0.131730;0.003695;0.004457;0.000000;0.054105;0.054105;0.000000;0.054105;0.054105;0.000000;0.034830;0.034830
 All;  7;  5; 65.0000; 45.0000;  5758;     0;     0; 10256; 16014;0.002046;0.000000;0.002046;0.359560;1.000000;0.359560;1.000000;1.000000;1.000000;0.073577;0.073577;0.003695;0.004457;0.000000;0.054105;0.054105;0.000000;0.054105;0.054105;0.000000;0.019454;0.019454
 All;  7;  6; 65.0000; 55.0000;  9377;     0;     0;  6633; 16010;0.002046;0.000000;0.002046;0.585696;1.000000;0.585696;1.000000;1.000000;1.000000;0.119852;0.119852;0.003695;0.004457;0.000000;0.054105;0.054105;0.000000;0.054105;0.054105;0.000000;0.031689;0.031689
 All;  7;  7; 65.0000; 65.0000; 14510;     0;     0;  1502; 16012;0.002046;0.000000;0.002046;0.906195;1.000000;0.906195;1.000000;1.000000;1.000000;0.185436;0.185436;0.003695;0.004457;0.000000;0.054105;0.054105;0.000000;0.054105;0.054105;0.000000;0.049030;0.049030
 All;  7;  8; 65.0000; 75.0000; 15644;     0;     0;   367; 16011;0.002046;0.000000;0.002046;0.977078;1.000000;0.977078;1.000000;1.000000;1.000000;0.199941;0.199941;0.003695;0.004457;0.000000;0.054105;0.054105;0.000000;0.054105;0.054105;0.000000;0.052865;0.052865
 All;  7;  9; 65.0000; 85.0000; 10385;     0;     0;  5630; 16015;0.002046;0.000000;0.002046;0.648455;1.000000;0.648455;1.000000;1.000000;1.000000;0.132694;0.132694;0.003695;0.004457;0.000000;0.054105;0.054105;0.000000;0.054105;0.054105;0.000000;0.035085;0.035085
 All;  7; 10; 65.0000; 95.0000;  8785;     0;     0;  7226; 16011;0.002046;0.000000;0.002046;0.548685;1.000000;0.548685;1.000000;1.000000;1.000000;0.112278;0.112278;0.003695;0.004457;0.000000;0.054105;0.054105;0.000000;0.054105;0.054105;0.000000;0.029687;0.029687
 All;  7; 11; 65.0000;105.0000; 15510;     0;     0;   503; 16013;0.002046;0.000000;0.002046;0.968588;1.000000;0.968588;1.000000;1.000000;1.000000;0.198203;0.198203;0.003695;0.004457;0.000000;0.054105;0.054105;0.000000;0.054105;0.054105;0.000000;0.052405;0.052405
 All;  7; 12; 65.0000;115.0000; 15678;     0;     0;   334; 16012;0.002046;0.000000;0.002046;0.979141;1.000000;0.979141;1.000000;1.000000;1.000000;0.200363;0.200363;0.003695;0.004457;0.000000;0.054105;0.054105;0.000000;0.054105;0.054105;0.000000;0.052976;0.052976
 All;  7; 13; 65.0000;125.0000; 15580;     0;     0;   431; 16011;0.002046;0.000000;0.002046;0.973081;1.000000;0.973081;1.000000;1.000000;1.000000;0.199123;0.199123;0.003695;0.004457;0.000000;0.054105;0.054105;0.000000;0.054105;0.054105;0.000000;0.052649;0.052649
 All;  7; 14; 65.0000;135.0000; 11412;     0;     0;  4602; 16014;0.002046;0.000000;0.002046;0.712626;1.000000;0.712626;0.212410;1.000000;0.212410;0.145826;0.145826;0.003695;0.004457;0.015637;0.054105;0.069742;0.015637;0.054105;0.069742;0.003321;0.038557;0.041878
 All;  7; 15; 65.0000;145.0000;   935;     0;     0; 15075; 16010;0.002046;0.000000;0.002046;0.058401;1.000000;0.058401;0.007920;1.000000;0.007920;0.011951;0.011951;0.003695;0.004457;0.132518;0.054105;0.186623;0.132518;0.054105;0.186623;0.001050;0.003160;0.004209
 All;  7; 16; 65.0000;155.0000;   300;     0;     0; 15712; 16012;0.002046;0.000000;0.002046;0.018736;1.000000;0.018736;0.016042;1.000000;0.016042;0.003834;0.003834;0.003695;0.004457;0.182422;0.054105;0.236527;0.182422;0.054105;0.236527;0.002926;0.001014;0.003940
 All;  7; 17; 65.0000;165.0000;   543;     0;     0; 15468; 16011;0.002046;0.000000;0.002046;0.033914;1.000000;0.033914;0.069493;1.000000;0.069493;0.006940;0.006940;0.003695;0.004457;0.201641;0.054105;0.255746;0.201641;0.054105;0.255746;0.014013;0.001835;0.015847
 All;  7; 18; 65.0000;175.0000;   304;     0;     0; 15711; 16015;0.002046;0.000000;0.002046;0.018982;1.000000;0.018982;0.016886;1.000000;0.016886;0.003884;0.003884;0.003695;0.004457;0.208721;0.054105;0.262826;0.208721;0.054105;0.262826;0.003524;0.001027;0.004552
 All;  7; 19; 65.0000;185.0000;    19;     0;     0; 15992; 16011;0.002046;0.000000;0.002046;0.001187;1.000000;0.001187;0.005228;1.000000;0.005228;0.000243;0.000243;0.003695;0.004457;0.209546;0.054105;0.263651;0.209546;0.054105;0.263651;0.001095;0.000064;0.001160
 All;  7; 20; 65.0000;195.0000;   510;     0;     0; 15503; 16013;0.002046;0.000000;0.002046;0.031849;1.000000;0.031849;0.029059;1.000000;0.029059;0.006517;0.006517;0.003695;0.004457;0.201923;0.054105;0.256028;0.201923;0.054105;0.256028;0.005868;0.001723;0.007591
 All;  7; 21; 65.0000;205.0000;    80;     0;     0; 15932; 16012;0.002046;0.000000;0.002046;0.004996;1.000000;0.004996;0.016297;1.000000;0.016297;0.001022;0.001022;0.003695;0.004457;0.180841;0.054105;0.234946;0.180841;0.054105;0.234946;0.002947;0.000270;0.003218
 All;  7; 22; 65.0000;215.0000;    23;     0;     0; 15988; 16011;0.002046;0.000000;0.002046;0.001437;1.000000;0.001437;0.001945;1.000000;0.001945;0.000294;0.000294;0.003695;0.004457;0.133827;0.054105;0.187932;0.133827;0.054105;0.187932;0.000260;0.000078;0.000338
 All;  7; 23; 65.0000;225.0000;     8;     0;     0; 16006; 16014;0.002046;0.000000;0.002046;0.000500;1.000000;0.000500;0.000000;1.000000;0.000000;0.000102;0.000102;0.003695;0.004457;0.016398;0.054105;0.070503;0.016398;0.054105;0.070503;0.000000;0.000027;0.000027
 All;  7; 24; 65.0000;235.0000;    26;     0;     0; 15984; 16010;0.002046;0.000000;0.002046;0.001624;1.000000;0.001624;1.000000;1.000000;1.000000;0.000332;0.000332;0.003695;0.004457;0.000000;0.054105;0.054105;0.000000;0.054105;0.054105;0.000000;0.000088;0.000088
 All;  7; 25; 65.0000;245.0000;     0;     0;     0; 16012; 16012;0.002046;0.000000;0.002046;0.000000;1.000000;0.000000;1.000000;1.000000;1.000000;0.000000;0.000000;0.003695;0.004457;0.000000;0.054105;0.054105;0.000000;0.054105;0.054105;0.000000;0.000000;0.000000
 All;  7; 26; 65.0000;255.0000;    46;     0;     0; 15965; 16011;0.002046;0.000000;0.002046;0.002873;1.000000;0.002873;1.000000;1.000000;1.000000;0.000588;0.000588;0.003695;0.004457;0.000000;0.054105;0.054105;0.000000;0.054105;0.054105;0.000000;0.000155;0.000155
 All;  7; 27; 65.0000;265.0000;    75;     0;     0; 15940; 16015;0.002046;0.000000;0.002046;0.004683;1.000000;0.004683;1.000000;1.000000;1.000000;0.000958;0.000958;0.003695;0.004457;0.000000;0.054105;0.054105;0.000000;0.054105;0.054105;0.000000;0.000253;0.000253
 All;  7; 28; 65.0000;275.0000;   252;     0;     0; 15759; 16011;0.002046;0.000000;0.002046;0.015739;1.000000;0.015739;1.000000;1.000000;1.000000;0.003221;0.003221;0.003695;0.004457;0.000000;0.054105;0.054105;0.000000;0.054105;0.054105;0.000000;0.000852;0.000852
 All;  7; 29; 65.0000;285.0000;   204;     0;     0; 15809; 16013;0.002046;0.000000;0.002046;0.012740;1.000000;0.012740;1.000000;1.000000;1.000000;0.002607;0.002607;0.003695;0.004457;0.000000;0.054105;0.054105;0.000000;0.054105;0.054105;0.000000;0.000689;0.000689
 All;  7; 30; 65.0000;295.0000;   130;     0;     0; 15882; 16012;0.002046;0.000000;0.002046;0.008119;1.000000;0.008119;1.000000;1.000000;1.000000;0.001661;0.001661;0.003695;0.004457;0.000000;0.054105;0.054105;0.000000;0.054105;0.054105;0.000000;0.000439;0.000439
 All;  7; 31; 65.0000;305.0000;    32;     0;     0; 15979; 16011;0.002046;0.000000;0.002046;0.001999;1.000000;0.001999;1.000000;1.000000;1.000000;0.000409;0.000409;0.003695;0.004457;0.000000;0.054105;0.054105;0.000000;0.054105;0.054105;0.000000;0.000108;0.000108
 All;  7; 32; 65.0000;315.0000;  1139;     0;     0; 14875; 16014;0.002046;0.000000;0.002046;0.071125;1.000000;0.071125;1.000000;1.000000;1.000000;0.014554;0.014554;0.003695;0.004457;0.000000;0.054105;0.054105;0.000000;0.054105;0.054105;0.000000;0.003848;0.003848
 All;  7; 33; 65.0000;325.0000;  2164;     0;     0; 13846; 16010;0.002046;0.000000;0.002046;0.135166;1.000000;0.135166;1.000000;1.000000;1.000000;0.027659;0.027659;0.003695;0.004457;0.000000;0.054105;0.054105;0.000000;0.054105;0.054105;0.000000;0.007313;0.007313
 All;  7; 34; 65.0000;335.0000;  1352;     0;     0; 14660; 16012;0.002046;0.000000;0.002046;0.084437;1.000000;0.084437;1.000000;1.000000;1.000000;0.017278;0.017278;0.003695;0.004457;0.000000;0.054105;0.054105;0.000000;0.054105;0.054105;0.000000;0.004568;0.004568
 All;  7; 35; 65.0000;345.0000; 10731;     0;     0;  5280; 16011;0.002046;0.000000;0.002046;0.670227;1.000000;0.670227;1.000000;1.000000;1.000000;0.137149;0.137149;0.003695;0.004457;0.000000;0.054105;0.054105;0.000000;0.054105;0.054105;0.000000;0.036263;0.036263
 All;  7; 36; 65.0000;355.0000; 14227;     0;     0;  1788; 16015;0.002046;0.000000;0.002046;0.888355;1.000000;0.888355;1.000000;1.000000;1.000000;0.181785;0.181785;0.003695;0.004457;0.000000;0.054105;0.054105;0.000000;0.054105;0.054105;0.000000;0.048064;0.048064
 All;  8;  1; 75.0000;  5.0000;  3763;     0;     0;  5845;  9608;0.001253;0.000000;0.001253;0.391653;1.000000;0.391653;1.000000;1.000000;1.000000;0.049082;0.049082;0.002412;0.003033;0.000000;0.035315;0.035315;0.000000;0.035315;0.035315;0.000000;0.013831;0.013831
 All;  8;  2; 75.0000; 15.0000;  6557;     0;     0;  3049;  9606;0.001253;0.000000;0.001253;0.682594;1.000000;0.682594;1.000000;1.000000;1.000000;0.085543;0.085543;0.002412;0.003033;0.000000;0.035315;0.035315;0.000000;0.035315;0.035315;0.000000;0.024105;0.024105
 All;  8;  3; 75.0000; 25.0000;  9268;     0;     0;   338;  9606;0.001253;0.000000;0.001253;0.964814;1.000000;0.964814;1.000000;1.000000;1.000000;0.120910;0.120910;0.002412;0.003033;0.000000;0.035315;0.035315;0.000000;0.035315;0.035315;0.000000;0.034072;0.034072
 All;  8;  4; 75.0000; 35.0000;  9566;     0;     0;    42;  9608;0.001253;0.000000;0.001253;0.995629;1.000000;0.995629;1.000000;1.000000;1.000000;0.124772;0.124772;0.002412;0.003033;0.000000;0.035315;0.035315;0.000000;0.035315;0.035315;0.000000;0.035160;0.035160
 All;  8;  5; 75.0000; 45.0000;  9578;     0;     0;    24;  9602;0.001253;0.000000;0.001253;0.997501;1.000000;0.997501;1.000000;1.000000;1.000000;0.125007;0.125007;0.002412;0.003033;0.000000;0.035315;0.035315;0.000000;0.035315;0.035315;0.000000;0.035226;0.035226
 All;  8;  6; 75.0000; 55.0000;  9544;     0;     0;    67;  9611;0.001253;0.000000;0.001253;0.993029;1.000000;0.993029;1.000000;1.000000;1.000000;0.124446;0.124446;0.002412;0.003033;0.000000;0.035315;0.035315;0.000000;0.035315;0.035315;0.000000;0.035068;0.035068
 All;  8;  7; 75.0000; 65.0000;  9538;     0;     0;    69;  9607;0.001253;0.000000;0.001253;0.992818;1.000000;0.992818;1.000000;1.000000;1.000000;0.124420;0.124420;0.002412;0.003033;0.000000;0.035315;0.035315;0.000000;0.035315;0.035315;0.000000;0.035061;0.035061
 All;  8;  8; 75.0000; 75.0000;  8958;     0;     0;   646;  9604;0.001253;0.000000;0.001253;0.932736;1.000000;0.932736;1.000000;1.000000;1.000000;0.116890;0.116890;0.002412;0.003033;0.000000;0.035315;0.035315;0.000000;0.035315;0.035315;0.000000;0.032939;0.032939
 All;  8;  9; 75.0000; 85.0000;  4112;     0;     0;  5496;  9608;0.001253;0.000000;0.001253;0.427977;1.000000;0.427977;1.000000;1.000000;1.000000;0.053634;0.053634;0.002412;0.003033;0.000000;0.035315;0.035315;0.000000;0.035315;0.035315;0.000000;0.015114;0.015114
 All;  8; 10; 75.0000; 95.0000;  2619;     0;     0;  6989;  9608;0.001253;0.000000;0.001253;0.272585;1.000000;0.272585;1.000000;1.000000;1.000000;0.034160;0.034160;0.002412;0.003033;0.000000;0.035315;0.035315;0.000000;0.035315;0.035315;0.000000;0.009626;0.009626
 All;  8; 11; 75.0000;105.0000;   616;     0;     0;  8990;  9606;0.001253;0.000000;0.001253;0.064127;1.000000;0.064127;1.000000;1.000000;1.000000;0.008036;0.008036;0.002412;0.003033;0.000000;0.035315;0.035315;0.000000;0.035315;0.035315;0.000000;0.002265;0.002265
 All;  8; 12; 75.0000;115.0000;   434;     0;     0;  9172;  9606;0.001253;0.000000;0.001253;0.045180;1.000000;0.045180;1.000000;1.000000;1.000000;0.005662;0.005662;0.002412;0.003033;0.000000;0.035315;0.035315;0.000000;0.035315;0.035315;0.000000;0.001596;0.001596
 All;  8; 13; 75.0000;125.0000;  1439;     0;     0;  8169;  9608;0.001253;0.000000;0.001253;0.149771;1.000000;0.149771;1.000000;1.000000;1.000000;0.018769;0.018769;0.002412;0.003033;0.000000;0.035315;0.035315;0.000000;0.035315;0.035315;0.000000;0.005289;0.005289
 All;  8; 14; 75.0000;135.0000;  1137;     0;     0;  8465;  9602;0.001253;0.000000;0.001253;0.118413;1.000000;0.118413;1.000000;1.000000;1.000000;0.014839;0.014839;0.002412;0.003033;0.000000;0.035315;0.035315;0.000000;0.035315;0.035315;0.000000;0.004182;0.004182
 All;  8; 15; 75.0000;145.0000;   747;     0;     0;  8864;  9611;0.001253;0.000000;0.001253;0.077723;1.000000;0.077723;1.000000;1.000000;1.000000;0.009740;0.009740;0.002412;0.003033;0.000000;0.035315;0.035315;0.000000;0.035315;0.035315;0.000000;0.002745;0.002745
 All;  8; 16; 75.0000;155.0000;   288;     0;     0;  9319;  9607;0.001253;0.000000;0.001253;0.029978;1.000000;0.029978;1.000000;1.000000;1.000000;0.003757;0.003757;0.002412;0.003033;0.000000;0.035315;0.035315;0.000000;0.035315;0.035315;0.000000;0.001059;0.001059
 All;  8; 17; 75.0000;165.0000;    44;     0;     0;  9560;  9604;0.001253;0.000000;0.001253;0.004581;1.000000;0.004581;1.000000;1.000000;1.000000;0.000574;0.000574;0.002412;0.003033;0.000000;0.035315;0.035315;0.000000;0.035315;0.035315;0.000000;0.000162;0.000162
 All;  8; 18; 75.0000;175.0000;    84;     0;     0;  9524;  9608;0.001253;0.000000;0.001253;0.008743;1.000000;0.008743;1.000000;1.000000;1.000000;0.001096;0.001096;0.002412;0.003033;0.000000;0.035315;0.035315;0.000000;0.035315;0.035315;0.000000;0.000309;0.000309
 All;  8; 19; 75.0000;185.0000;   123;     0;     0;  9485;  9608;0.001253;0.000000;0.001253;0.012802;1.000000;0.012802;1.000000;1.000000;1.000000;0.001604;0.001604;0.002412;0.003033;0.000000;0.035315;0.035315;0.000000;0.035315;0.035315;0.000000;0.000452;0.000452
 All;  8; 20; 75.0000;195.0000;    94;     0;     0;  9512;  9606;0.001253;0.000000;0.001253;0.009786;1.000000;0.009786;1.000000;1.000000;1.000000;0.001226;0.001226;0.002412;0.003033;0.000000;0.035315;0.035315;0.000000;0.035315;0.035315;0.000000;0.000346;0.000346
 All;  8; 21; 75.0000;205.0000;    35;     0;     0;  9571;  9606;0.001253;0.000000;0.001253;0.003644;1.000000;0.003644;1.000000;1.000000;1.000000;0.000457;0.000457;0.002412;0.003033;0.000000;0.035315;0.035315;0.000000;0.035315;0.035315;0.000000;0.000129;0.000129
 All;  8; 22; 75.0000;215.0000;     6;     0;     0;  9602;  9608;0.001253;0.000000;0.001253;0.000624;1.000000;0.000624;1.000000;1.000000;1.000000;0.000078;0.000078;0.002412;0.003033;0.000000;0.035315;0.035315;0.000000;0.035315;0.035315;0.000000;0.000022;0.000022
 All;  8; 23; 75.0000;225.0000;    88;     0;     0;  9514;  9602;0.001253;0.000000;0.001253;0.009165;1.000000;0.009165;1.000000;1.000000;1.000000;0.001149;0.001149;0.002412;0.003033;0.000000;0.035315;0.035315;0.000000;0.035315;0.035315;0.000000;0.000324;0.000324
 All;  8; 24; 75.0000;235.0000;    40;     0;     0;  9571;  9611;0.001253;0.000000;0.001253;0.004162;1.000000;0.004162;1.000000;1.000000;1.000000;0.000522;0.000522;0.002412;0.003033;0.000000;0.035315;0.035315;0.000000;0.035315;0.035315;0.000000;0.000147;0.000147
 All;  8; 25; 75.0000;245.0000;     0;     0;     0;  9607;  9607;0.001253;0.000000;0.001253;0.000000;1.000000;0.000000;1.000000;1.000000;1.000000;0.000000;0.000000;0.002412;0.003033;0.000000;0.035315;0.035315;0.000000;0.035315;0.035315;0.000000;0.000000;0.000000
 All;  8; 26; 75.0000;255.0000;    11;     0;     0;  9593;  9604;0.001253;0.000000;0.001253;0.001145;1.000000;0.001145;1.000000;1.000000;1.000000;0.000144;0.000144;0.002412;0.003033;0.000000;0.035315;0.035315;0.000000;0.035315;0.035315;0.000000;0.000040;0.000040
 All;  8; 27; 75.0000;265.0000;   178;     0;     0;  9430;  9608;0.001253;0.000000;0.001253;0.018526;1.000000;0.018526;1.000000;1.000000;1.000000;0.002322;0.002322;0.002412;0.003033;0.000000;0.035315;0.035315;0.000000;0.035315;0.035315;0.000000;0.000654;0.000654
 All;  8; 28; 75.0000;275.0000;   105;     0;     0;  9503;  9608;0.001253;0.000000;0.001253;0.010928;1.000000;0.010928;1.000000;1.000000;1.000000;0.001370;0.001370;0.002412;0.003033;0.000000;0.035315;0.035315;0.000000;0.035315;0.035315;0.000000;0.000386;0.000386
 All;  8; 29; 75.0000;285.0000;    40;     0;     0;  9566;  9606;0.001253;0.000000;0.001253;0.004164;1.000000;0.004164;1.000000;1.000000;1.000000;0.000522;0.000522;0.002412;0.003033;0.000000;0.035315;0.035315;0.000000;0.035315;0.035315;0.000000;0.000147;0.000147
 All;  8; 30; 75.0000;295.0000;   558;     0;     0;  9048;  9606;0.001253;0.000000;0.001253;0.058089;1.000000;0.058089;1.000000;1.000000;1.000000;0.007280;0.007280;0.002412;0.003033;0.000000;0.035315;0.035315;0.000000;0.035315;0.035315;0.000000;0.002051;0.002051
 All;  8; 31; 75.0000;305.0000;  2319;     0;     0;  7289;  9608;0.001253;0.000000;0.001253;0.241361;1.000000;0.241361;1.000000;1.000000;1.000000;0.030247;0.030247;0.002412;0.003033;0.000000;0.035315;0.035315;0.000000;0.035315;0.035315;0.000000;0.008524;0.008524
 All;  8; 32; 75.0000;315.0000;   823;     0;     0;  8779;  9602;0.001253;0.000000;0.001253;0.085711;1.000000;0.085711;1.000000;1.000000;1.000000;0.010741;0.010741;0.002412;0.003033;0.000000;0.035315;0.035315;0.000000;0.035315;0.035315;0.000000;0.003027;0.003027
 All;  8; 33; 75.0000;325.0000;  1875;     0;     0;  7736;  9611;0.001253;0.000000;0.001253;0.195089;1.000000;0.195089;1.000000;1.000000;1.000000;0.024449;0.024449;0.002412;0.003033;0.000000;0.035315;0.035315;0.000000;0.035315;0.035315;0.000000;0.006889;0.006889
 All;  8; 34; 75.0000;335.0000;  2631;     0;     0;  6976;  9607;0.001253;0.000000;0.001253;0.273863;1.000000;0.273863;1.000000;1.000000;1.000000;0.034320;0.034320;0.002412;0.003033;0.000000;0.035315;0.035315;0.000000;0.035315;0.035315;0.000000;0.009671;0.009671
 All;  8; 35; 75.0000;345.0000;  1232;     0;     0;  8372;  9604;0.001253;0.000000;0.001253;0.128280;1.000000;0.128280;1.000000;1.000000;1.000000;0.016076;0.016076;0.002412;0.003033;0.000000;0.035315;0.035315;0.000000;0.035315;0.035315;0.000000;0.004530;0.004530
 All;  8; 36; 75.0000;355.0000;  2680;     0;     0;  6928;  9608;0.001253;0.000000;0.001253;0.278934;1.000000;0.278934;1.000000;1.000000;1.000000;0.034956;0.034956;0.002412;0.003033;0.000000;0.035315;0.035315;0.000000;0.035315;0.035315;0.000000;0.009850;0.009850
 All;  9;  1; 85.0000;  5.0000;   373;     0;     0;  2828;  3201;0.000422;0.000000;0.000422;0.116526;1.000000;0.116526;1.000000;1.000000;1.000000;0.004917;0.004917;0.000838;0.001075;0.000000;0.012265;0.012265;0.000000;0.012265;0.012265;0.000000;0.001429;0.001429
 All;  9;  2; 85.0000; 15.0000;   932;     0;     0;  2272;  3204;0.000422;0.000000;0.000422;0.290886;1.000000;0.290886;1.000000;1.000000;1.000000;0.012276;0.012276;0.000838;0.001075;0.000000;0.012265;0.012265;0.000000;0.012265;0.012265;0.000000;0.003568;0.003568
 All;  9;  3; 85.0000; 25.0000;  1609;     0;     0;  1593;  3202;0.000422;0.000000;0.000422;0.502498;1.000000;0.502498;1.000000;1.000000;1.000000;0.021206;0.021206;0.000838;0.001075;0.000000;0.012265;0.012265;0.000000;0.012265;0.012265;0.000000;0.006163;0.006163
 All;  9;  4; 85.0000; 35.0000;  1857;     0;     0;  1343;  3200;0.000422;0.000000;0.000422;0.580313;1.000000;0.580313;1.000000;1.000000;1.000000;0.024490;0.024490;0.000838;0.001075;0.000000;0.012265;0.012265;0.000000;0.012265;0.012265;0.000000;0.007117;0.007117
 All;  9;  5; 85.0000; 45.0000;  2034;     0;     0;  1169;  3203;0.000422;0.000000;0.000422;0.635030;1.000000;0.635030;1.000000;1.000000;1.000000;0.026799;0.026799;0.000838;0.001075;0.000000;0.012265;0.012265;0.000000;0.012265;0.012265;0.000000;0.007788;0.007788
 All;  9;  6; 85.0000; 55.0000;  2096;     0;     0;  1102;  3198;0.000422;0.000000;0.000422;0.655410;1.000000;0.655410;1.000000;1.000000;1.000000;0.027659;0.027659;0.000838;0.001075;0.000000;0.012265;0.012265;0.000000;0.012265;0.012265;0.000000;0.008038;0.008038
 All;  9;  7; 85.0000; 65.0000;  1487;     0;     0;  1715;  3202;0.000422;0.000000;0.000422;0.464397;1.000000;0.464397;1.000000;1.000000;1.000000;0.019598;0.019598;0.000838;0.001075;0.000000;0.012265;0.012265;0.000000;0.012265;0.012265;0.000000;0.005696;0.005696
 All;  9;  8; 85.0000; 75.0000;  1009;     0;     0;  2194;  3203;0.000422;0.000000;0.000422;0.315017;1.000000;0.315017;1.000000;1.000000;1.000000;0.013294;0.013294;0.000838;0.001075;0.000000;0.012265;0.012265;0.000000;0.012265;0.012265;0.000000;0.003864;0.003864
 All;  9;  9; 85.0000; 85.0000;  1139;     0;     0;  2063;  3202;0.000422;0.000000;0.000422;0.355715;1.000000;0.355715;1.000000;1.000000;1.000000;0.015011;0.015011;0.000838;0.001075;0.000000;0.012265;0.012265;0.000000;0.012265;0.012265;0.000000;0.004363;0.004363
 All;  9; 10; 85.0000; 95.0000;  1490;     0;     0;  1711;  3201;0.000422;0.000000;0.000422;0.465480;1.000000;0.465480;1.000000;1.000000;1.000000;0.019644;0.019644;0.000838;0.001075;0.000000;0.012265;0.012265;0.000000;0.012265;0.012265;0.000000;0.005709;0.005709
 All;  9; 11; 85.0000;105.0000;   622;     0;     0;  2582;  3204;0.000422;0.000000;0.000422;0.194132;1.000000;0.194132;1.000000;1.000000;1.000000;0.008193;0.008193;0.000838;0.001075;0.000000;0.012265;0.012265;0.000000;0.012265;0.012265;0.000000;0.002381;0.002381
 All;  9; 12; 85.0000;115.0000;   383;     0;     0;  2819;  3202;0.000422;0.000000;0.000422;0.119613;1.000000;0.119613;1.000000;1.000000;1.000000;0.005048;0.005048;0.000838;0.001075;0.000000;0.012265;0.012265;0.000000;0.012265;0.012265;0.000000;0.001467;0.001467
 All;  9; 13; 85.0000;125.0000;   337;     0;     0;  2863;  3200;0.000422;0.000000;0.000422;0.105313;1.000000;0.105313;1.000000;1.000000;1.000000;0.004444;0.004444;0.000838;0.001075;0.000000;0.012265;0.012265;0.000000;0.012265;0.012265;0.000000;0.001292;0.001292
 All;  9; 14; 85.0000;135.0000;   370;     0;     0;  2833;  3203;0.000422;0.000000;0.000422;0.115517;1.000000;0.115517;1.000000;1.000000;1.000000;0.004875;0.004875;0.000838;0.001075;0.000000;0.012265;0.012265;0.000000;0.012265;0.012265;0.000000;0.001417;0.001417
 All;  9; 15; 85.0000;145.0000;  1049;     0;     0;  2149;  3198;0.000422;0.000000;0.000422;0.328018;1.000000;0.328018;1.000000;1.000000;1.000000;0.013843;0.013843;0.000838;0.001075;0.000000;0.012265;0.012265;0.000000;0.012265;0.012265;0.000000;0.004023;0.004023
 All;  9; 16; 85.0000;155.0000;   276;     0;     0;  2926;  3202;0.000422;0.000000;0.000422;0.086196;1.000000;0.086196;1.000000;1.000000;1.000000;0.003638;0.003638;0.000838;0.001075;0.000000;0.012265;0.012265;0.000000;0.012265;0.012265;0.000000;0.001057;0.001057
 All;  9; 17; 85.0000;165.0000;   192;     0;     0;  3011;  3203;0.000422;0.000000;0.000422;0.059944;1.000000;0.059944;1.000000;1.000000;1.000000;0.002530;0.002530;0.000838;0.001075;0.000000;0.012265;0.012265;0.000000;0.012265;0.012265;0.000000;0.000735;0.000735
 All;  9; 18; 85.0000;175.0000;   157;     0;     0;  3045;  3202;0.000422;0.000000;0.000422;0.049032;1.000000;0.049032;1.000000;1.000000;1.000000;0.002069;0.002069;0.000838;0.001075;0.000000;0.012265;0.012265;0.000000;0.012265;0.012265;0.000000;0.000601;0.000601
 All;  9; 19; 85.0000;185.0000;   149;     0;     0;  3052;  3201;0.000422;0.000000;0.000422;0.046548;1.000000;0.046548;1.000000;1.000000;1.000000;0.001964;0.001964;0.000838;0.001075;0.000000;0.012265;0.012265;0.000000;0.012265;0.012265;0.000000;0.000571;0.000571
 All;  9; 20; 85.0000;195.0000;    36;     0;     0;  3168;  3204;0.000422;0.000000;0.000422;0.011236;1.000000;0.011236;1.000000;1.000000;1.000000;0.000474;0.000474;0.000838;0.001075;0.000000;0.012265;0.012265;0.000000;0.012265;0.012265;0.000000;0.000138;0.000138
 All;  9; 21; 85.0000;205.0000;     3;     0;     0;  3199;  3202;0.000422;0.000000;0.000422;0.000937;1.000000;0.000937;1.000000;1.000000;1.000000;0.000040;0.000040;0.000838;0.001075;0.000000;0.012265;0.012265;0.000000;0.012265;0.012265;0.000000;0.000011;0.000011
 All;  9; 22; 85.0000;215.0000;     9;     0;     0;  3191;  3200;0.000422;0.000000;0.000422;0.002812;1.000000;0.002812;1.000000;1.000000;1.000000;0.000119;0.000119;0.000838;0.001075;0.000000;0.012265;0.012265;0.000000;0.012265;0.012265;0.000000;0.000034;0.000034
 All;  9; 23; 85.0000;225.0000;    58;     0;     0;  3145;  3203;0.000422;0.000000;0.000422;0.018108;1.000000;0.018108;1.000000;1.000000;1.000000;0.000764;0.000764;0.000838;0.001075;0.000000;0.012265;0.012265;0.000000;0.012265;0.012265;0.000000;0.000222;0.000222
 All;  9; 24; 85.0000;235.0000;     8;     0;     0;  3190;  3198;0.000422;0.000000;0.000422;0.002502;1.000000;0.002502;1.000000;1.000000;1.000000;0.000106;0.000106;0.000838;0.001075;0.000000;0.012265;0.012265;0.000000;0.012265;0.012265;0.000000;0.000031;0.000031
 All;  9; 25; 85.0000;245.0000;     0;     0;     0;  3202;  3202;0.000422;0.000000;0.000422;0.000000;1.000000;0.000000;1.000000;1.000000;1.000000;0.000000;0.000000;0.000838;0.001075;0.000000;0.012265;0.012265;0.000000;0.012265;0.012265;0.000000;0.000000;0.000000
 All;  9; 26; 85.0000;255.0000;     0;     0;     0;  3203;  3203;0.000422;0.000000;0.000422;0.000000;1.000000;0.000000;1.000000;1.000000;1.000000;0.000000;0.000000;0.000838;0.001075;0.000000;0.012265;0.012265;0.000000;0.012265;0.012265;0.000000;0.000000;0.000000
 All;  9; 27; 85.0000;265.0000;     0;     0;     0;  3202;  3202;0.000422;0.000000;0.000422;0.000000;1.000000;0.000000;1.000000;1.000000;1.000000;0.000000;0.000000;0.000838;0.001075;0.000000;0.012265;0.012265;0.000000;0.012265;0.012265;0.000000;0.000000;0.000000
 All;  9; 28; 85.0000;275.0000;    34;     0;     0;  3167;  3201;0.000422;0.000000;0.000422;0.010622;1.000000;0.010622;1.000000;1.000000;1.000000;0.000448;0.000448;0.000838;0.001075;0.000000;0.012265;0.012265;0.000000;0.012265;0.012265;0.000000;0.000130;0.000130
 All;  9; 29; 85.0000;285.0000;    56;     0;     0;  3148;  3204;0.000422;0.000000;0.000422;0.017478;1.000000;0.017478;1.000000;1.000000;1.000000;0.000738;0.000738;0.000838;0.001075;0.000000;0.012265;0.012265;0.000000;0.012265;0.012265;0.000000;0.000214;0.000214
 All;  9; 30; 85.0000;295.0000;    42;     0;     0;  3160;  3202;0.000422;0.000000;0.000422;0.013117;1.000000;0.013117;1.000000;1.000000;1.000000;0.000554;0.000554;0.000838;0.001075;0.000000;0.012265;0.012265;0.000000;0.012265;0.012265;0.000000;0.000161;0.000161
 All;  9; 31; 85.0000;305.0000;     8;     0;     0;  3192;  3200;0.000422;0.000000;0.000422;0.002500;1.000000;0.002500;1.000000;1.000000;1.000000;0.000106;0.000106;0.000838;0.001075;0.000000;0.012265;0.012265;0.000000;0.012265;0.012265;0.000000;0.000031;0.000031
 All;  9; 32; 85.0000;315.0000;     5;     0;     0;  3198;  3203;0.000422;0.000000;0.000422;0.001561;1.000000;0.001561;1.000000;1.000000;1.000000;0.000066;0.000066;0.000838;0.001075;0.000000;0.012265;0.012265;0.000000;0.012265;0.012265;0.000000;0.000019;0.000019
 All;  9; 33; 85.0000;325.0000;    89;     0;     0;  3109;  3198;0.000422;0.000000;0.000422;0.027830;1.000000;0.027830;1.000000;1.000000;1.000000;0.001174;0.001174;0.000838;0.001075;0.000000;0.012265;0.012265;0.000000;0.012265;0.012265;0.000000;0.000341;0.000341
 All;  9; 34; 85.0000;335.0000;    38;     0;     0;  3164;  3202;0.000422;0.000000;0.000422;0.011868;1.000000;0.011868;1.000000;1.000000;1.000000;0.000501;0.000501;0.000838;0.001075;0.000000;0.012265;0.012265;0.000000;0.012265;0.012265;0.000000;0.000146;0.000146
 All;  9; 35; 85.0000;345.0000;   251;     0;     0;  2952;  3203;0.000422;0.000000;0.000422;0.078364;1.000000;0.078364;1.000000;1.000000;1.000000;0.003307;0.003307;0.000838;0.001075;0.000000;0.012265;0.012265;0.000000;0.012265;0.012265;0.000000;0.000961;0.000961
 All;  9; 36; 85.0000;355.0000;   259;     0;     0;  2943;  3202;0.000422;0.000000;0.000422;0.080887;1.000000;0.080887;1.000000;1.000000;1.000000;0.003413;0.003413;0.000838;0.001075;0.000000;0.012265;0.012265;0.000000;0.012265;0.012265;0.000000;0.000992;0.000992
